299 84
316 82
179 89
348 66
227 80
216 76
159 86
206 80
200 78
208 80
209 71
206 71
359 46
74 90
325 81
272 81
323 86
256 79
170 81
207 81
209 86
306 84
61 90
327 85
221 59
212 84
338 74
188 74
215 77
310 84
144 87
344 81
172 89
224 75
190 71
209 84
249 79
221 71
330 85
178 87
251 75
49 88
271 09
267 68
8 87
204 80
329 66
339 89
316 83
330 60
259 80
223 78
227 70
227 75
334 59
356 65
8 64
12 77
270 72
9 65
240 66
28 80
188 70
340 43
222 80
237 77
165 88
238 75
230 73
231 61
142 65
216 81
235 86
52 89
234 75
152 83
331 70
323 81
34 28
26 67
228 66
216 75
206 77
277 77
21 75
297 48
21 66
80 89
274 50
28 37
357 35
268 85
191 64
293 55
239 53
100 83
68 63
314 52
296 53
92 89
