243 17
307 34
290 35
174 67
42 6
329 18
154 15
60 51
271 86
99 44
236 58
143 68
110 80
195 8
359 40
295 59
231 70
213 83
12 35
17 72
146 67
347 27
190 58
162 4
222 30
314 19
70 61
246 63
36 59
78 23
359 70
46 58
283 42
35 66
71 30
285 1
240 60
250 53
150 21
41 85
164 29
26 38
77 64
282 1
282 86
299 8
306 64
216 88
5 47
231 79
246 65
197 12
152 34
202 59
323 40
65 63
3 73
210 57
298 34
153 3
137 63
97 19
234 47
122 0
162 1
164 1
329 34
107 16
162 48
351 37
137 42
68 12
156 62
117 9
152 44
239 63
342 60
275 70
159 73
89 68
287 59
268 78
225 72
70 57
209 64
200 60
251 56
63 78
331 1
164 66
241 75
258 1
51 5
71 45
178 46
151 66
298 34
83 76
304 57
42 82
348 80
38 58
114 29
281 52
131 34
177 73
156 56
162 83
17 61
95 73
95 56
5 1
87 8
106 47
89 49
346 17
275 52
139 7
63 1
274 30
358 15
301 58
315 51
182 56
119 24
348 48
105 50
351 51
311 87
67 73
317 61
309 24
106 55
135 55
40 42
7 33
125 82
339 4
289 71
165 30
74 14
236 22
317 73
259 53
200 82
155 45
185 54
339 11
5 50
237 63
83 82
157 55
264 34
10 11
276 36
182 51
170 39
183 66
227 57
185 42
76 37
346 14
37 64
348 72
241 28
65 68
185 72
263 72
269 40
111 68
354 19
233 23
15 88
271 24
41 69
214 87
276 74
83 44
202 74
115 78
228 8
350 45
142 4
50 50
144 87
55 84
139 80
237 60
79 26
314 2
4 61
68 49
38 76
7 28
194 59
268 41
253 12
324 6
293 29
336 36
43 45
296 24
18 83
216 53
242 53
294 43
141 53
84 19
248 29
285 46
80 84
334 73
96 4
283 59
319 55
335 4
170 46
316 14
18 83
66 31
204 31
80 62
226 49
282 52
294 23
273 86
238 31
86 19
312 55
335 79
175 13
93 12
179 58
134 18
92 21
63 59
162 57
320 16
182 45
107 25
86 45
115 60
269 70
55 69
322 61
314 84
357 27
195 26
145 69
104 63
47 45
53 55
52 23
213 48
339 85
198 17
0 59
105 37
127 32
219 53
337 53
277 14
132 29
298 69
226 73
111 3
224 76
119 89
321 31
258 43
194 43
298 16
118 27
257 40
56 68
198 22
186 59
332 68
254 87
42 38
25 67
95 78
117 17
306 54
58 67
37 34
207 67
287 56
242 45
65 64
110 9
340 38
333 11
8 80
69 12
31 34
21 0
222 57
209 47
70 62
153 70
37 72
148 21
47 70
162 8
54 72
21 8
13 51
307 63
140 28
260 18
326 75
322 22
157 31
148 0
36 58
112 40
44 82
160 83
346 16
347 34
302 62
273 4
189 43
38 2
105 13
209 72
310 32
177 49
131 82
160 85
191 2
281 65
142 0
82 28
164 5
253 33
39 4
74 64
99 22
315 40
57 5
95 53
260 55
347 64
326 58
270 8
71 83
172 54
99 29
328 89
273 7
14 14
175 3
276 66
268 34
126 26
345 65
98 51
344 53
23 0
113 65
18 50
248 53
265 38
252 59
157 39
273 66
261 2
152 25
136 45
308 15
171 31
338 53
339 19
358 67
145 54
68 31
176 63
180 71
100 65
2 89
193 71
202 61
125 77
225 48
93 64
53 53
190 79
139 50
341 59
291 42
238 34
276 88
327 64
311 68
264 88
65 31
190 23
92 53
14 67
152 89
46 32
316 51
46 76
194 83
96 64
69 7
42 9
2 70
348 66
221 40
34 2
227 81
179 6
9 74
222 53
73 86
288 85
274 8
345 64
172 43
268 85
165 5
214 11
338 41
345 17
229 63
337 78
181 67
340 39
183 84
14 15
68 42
192 84
101 22
216 51
143 20
263 63
195 87
173 72
39 87
38 84
341 49
142 66
326 68
128 66
47 79
95 81
311 33
109 6
70 18
114 82
175 9
132 51
190 66
322 48
245 13
230 55
108 55
132 22
23 24
201 40
128 64
135 12
254 63
224 12
124 81
223 34
197 69
345 66
15 22
18 86
328 62
126 39
122 81
185 19
304 76
196 79
75 14
273 63
350 20
201 4
76 54
76 85
161 50
27 34
83 42
212 62
327 7
304 61
32 9
52 28
338 26
201 60
82 63
123 55
341 32
0 45
114 30
182 87
72 80
200 5
17 77
275 70
113 39
25 39
61 30
302 34
117 65
309 51
106 88
179 39
311 52
146 83
203 56
66 45
108 58
292 46
277 76
82 76
199 85
181 28
46 66
235 79
85 57
289 81
71 84
86 32
119 63
72 55
145 18
98 81
90 35
289 59
106 63
262 53
47 21
204 15
66 37
299 4
114 87
287 80
3 49
231 20
162 21
353 71
44 86
290 36
147 32
92 12
257 86
26 76
258 22
170 53
103 32
107 25
120 40
26 64
159 21
314 81
49 44
208 84
264 68
29 47
37 48
188 67
51 1
14 88
25 5
156 80
95 23
264 72
224 74
75 29
273 58
268 34
346 24
133 25
25 67
63 75
344 21
256 82
238 64
204 53
145 28
45 41
93 81
233 84
20 42
33 20
263 7
78 75
57 30
130 80
8 10
338 40
84 73
77 67
10 0
22 78
76 53
228 78
84 45
57 30
9 30
191 87
338 67
353 22
311 39
53 70
251 36
131 53
344 13
345 29
186 12
60 68
132 12
118 44
204 84
151 63
262 52
130 53
12 75
183 24
277 62
23 38
192 58
78 47
326 64
262 21
152 44
317 53
347 21
160 57
22 87
184 65
1 74
106 13
312 56
238 42
190 39
350 80
186 3
146 73
347 12
305 47
285 54
209 55
186 23
233 57
53 55
61 60
156 40
50 16
65 57
128 53
244 22
336 58
194 24
322 44
19 11
131 53
108 89
293 12
16 3
6 83
54 73
7 10
250 24
155 24
51 62
176 42
28 21
60 87
337 75
104 1
42 78
339 86
344 16
307 58
42 42
204 87
111 50
74 64
132 80
119 19
34 49
216 6
53 40
307 4
318 55
156 19
276 87
53 40
88 8
60 37
174 6
280 39
141 45
57 51
216 25
171 47
226 13
246 30
237 58
221 59
82 86
357 69
274 16
76 2
85 83
147 46
191 75
239 63
354 84
339 88
129 10
11 35
1 88
194 78
59 6
214 50
253 57
315 86
164 69
330 20
308 41
275 30
28 0
66 46
161 5
294 60
192 71
259 19
217 82
239 68
125 57
287 41
162 17
237 63
225 2
110 44
254 14
272 33
286 53
78 62
280 78
111 72
142 3
126 65
333 55
215 50
312 39
67 32
148 56
311 73
23 24
211 43
5 6
89 40
107 12
153 53
140 79
177 40
120 6
343 54
249 82
182 56
155 47
197 84
305 46
193 20
215 6
286 77
244 89
323 15
334 41
300 82
341 56
252 77
79 30
275 38
178 84
144 70
193 80
7 20
31 52
56 57
243 69
140 49
13 88
72 0
235 75
317 28
212 55
204 12
91 34
264 58
54 26
81 44
211 63
338 55
307 77
17 69
342 10
124 84
321 28
295 60
113 14
321 26
55 10
19 5
16 48
132 53
248 70
319 83
354 26
311 30
122 41
162 37
249 78
281 27
35 63
227 46
200 63
281 43
285 30
249 7
179 63
170 35
198 66
31 63
283 25
185 88
96 5
58 41
169 20
118 12
58 41
13 64
276 30
352 86
99 14
260 66
208 23
50 57
304 57
238 5
182 8
118 85
72 82
3 13
157 29
149 7
340 62
114 52
16 35
254 63
219 54
27 3
9 88
271 82
3 44
7 28
185 74
159 88
357 45
76 21
308 12
165 78
240 50
121 18
92 0
172 70
286 11
160 17
153 63
255 75
342 34
304 75
122 48
135 23
310 9
104 10
179 11
67 3
260 56
271 49
222 82
215 12
282 59
0 76
257 70
183 42
16 61
197 78
325 29
178 50
110 42
30 86
282 86
8 63
290 23
307 12
202 24
185 40
39 8
166 89
351 50
351 82
315 3
349 79
185 10
26 15
347 44
141 25
167 79
67 18
61 69
259 40
56 51
180 11
119 42
351 34
35 59
181 81
132 42
307 61
222 78
60 21
269 22
135 86
323 60
58 6
225 3
122 84
31 87
19 20
78 2
89 43
7 48
72 54
136 28
12 31
190 20
70 64
81 81
214 52
336 58
92 53
194 55
109 66
159 61
67 18
252 40
120 21
202 50
278 7
152 7
163 53
127 38
102 60
340 34
194 40
324 25
201 66
25 31
302 59
48 61
300 26
153 12
101 37
271 62
250 3
212 81
142 79
356 2
161 77
187 72
159 16
157 14
171 61
124 31
311 78
228 42
43 8
93 17
221 0
174 23
168 88
167 61
269 81
50 40
231 86
339 56
272 66
263 7
281 21
227 77
170 21
2 55
49 36
107 32
193 51
67 33
222 69
96 23
63 42
96 30
93 83
210 37
197 38
316 69
163 39
70 19
305 47
35 62
139 58
60 2
135 1
335 83
254 83
31 18
119 73
316 67
265 51
156 51
268 41
81 7
190 12
192 87
143 9
265 5
17 28
269 54
59 69
74 78
156 78
254 28
140 50
13 29
307 53
53 46
163 4
274 31
66 87
326 18
202 85
39 39
207 33
350 20
274 54
265 70
113 89
224 33
157 64
257 15
71 31
267 13
278 4
125 27
215 50
181 67
161 20
345 57
286 31
328 33
62 64
244 65
98 83
296 80
345 31
333 17
324 32
321 43
248 37
9 24
104 31
237 6
359 0
37 76
54 75
62 73
302 4
243 67
325 23
32 56
234 10
281 6
268 49
183 73
323 34
329 54
272 22
206 1
250 10
144 2
32 9
123 55
98 52
293 24
45 7
177 70
270 76
72 18
263 71
321 88
87 62
27 55
196 2
177 29
32 23
235 46
205 5
156 33
228 67
324 14
194 1
86 20
136 89
148 55
67 46
66 53
92 66
142 70
303 27
356 5
172 3
116 33
4 59
29 81
4 22
233 53
325 85
80 60
163 10
94 13
174 26
225 69
106 88
148 76
10 71
154 41
269 14
164 43
251 85
50 74
24 51
221 10
173 4
22 41
267 29
169 8
316 86
129 58
214 85
190 4
45 54
330 23
96 79
225 45
249 86
139 47
353 45
203 12
334 33
69 83
317 82
151 35
20 7
22 39
32 36
139 15
61 85
61 80
1 10
62 54
31 41
198 51
33 18
335 51
26 11
74 75
358 12
311 60
345 13
343 13
48 22
83 48
205 78
309 26
174 52
39 48
186 30
123 76
1 19
345 60
179 20
177 23
74 59
294 8
81 25
162 23
207 5
110 41
156 22
204 18
236 0
76 18
31 2
28 16
324 79
92 52
213 88
310 50
288 51
347 2
247 6
218 22
48 7
196 64
159 85
197 82
73 61
240 22
264 25
151 53
141 86
173 44
294 63
185 49
42 43
29 11
149 11
89 34
111 20
20 86
290 19
173 37
317 87
55 83
199 80
47 78
321 16
275 31
227 74
207 25
176 13
292 0
154 87
353 83
221 18
253 65
268 22
289 9
318 82
228 49
79 6
140 62
211 15
181 38
233 29
27 11
307 24
34 38
140 6
63 66
171 55
22 44
134 30
66 14
214 19
85 17
216 7
53 5
48 68
107 21
229 76
347 47
162 38
176 79
26 36
233 27
75 78
69 51
282 81
310 41
274 1
113 66
233 64
21 54
303 3
7 17
238 76
196 18
86 75
308 82
96 23
173 56
137 47
0 4
182 50
170 79
319 25
254 4
141 43
162 41
288 41
349 78
243 32
358 69
151 9
164 67
308 66
314 17
95 43
209 19
102 51
354 55
290 41
28 76
192 50
269 6
225 72
31 54
330 38
177 47
104 38
2 48
357 26
292 41
309 1
265 12
306 24
292 23
99 65
62 66
282 73
88 40
256 58
16 6
320 74
316 55
346 46
289 2
297 52
298 2
304 49
317 21
119 66
282 59
103 49
145 1
60 60
341 16
112 32
36 62
23 61
64 89
356 51
197 18
92 24
97 16
209 13
355 34
223 61
130 64
185 57
171 78
200 55
261 9
8 62
140 18
165 63
268 30
246 45
302 58
222 38
226 86
135 12
279 51
231 78
133 51
183 78
299 5
319 37
201 70
181 75
264 53
73 52
242 87
268 6
49 63
208 24
258 78
54 45
270 65
99 20
328 28
284 0
301 0
28 64
340 18
76 85
351 11
107 85
21 58
145 53
144 39
269 9
247 54
139 8
335 14
183 79
271 68
234 2
141 48
72 76
198 15
105 4
218 58
8 1
143 55
273 32
23 38
353 82
304 38
133 28
43 52
165 29
7 62
120 72
170 19
291 10
212 14
177 34
68 78
157 58
64 1
235 57
303 85
141 66
17 85
113 82
188 58
258 48
89 14
280 44
26 48
101 69
64 61
250 82
59 66
78 5
158 48
150 36
81 87
63 25
289 10
112 88
190 80
354 76
31 27
89 15
127 51
283 2
0 65
302 57
44 18
10 36
277 5
131 0
293 83
201 60
127 67
182 80
61 53
309 66
159 40
10 37
77 73
95 60
162 66
135 71
346 75
351 89
277 33
97 41
52 77
277 78
295 35
339 30
4 16
249 17
205 86
243 78
270 68
121 39
106 25
233 78
31 29
128 73
214 5
58 27
69 55
125 28
107 0
32 10
4 31
295 43
187 38
168 78
43 30
162 64
259 42
358 82
259 43
240 42
313 51
231 24
149 61
140 88
100 28
201 38
273 50
116 7
333 48
203 58
109 15
297 7
15 33
289 16
345 85
134 52
188 38
165 12
226 72
119 38
130 4
37 81
350 72
1 57
79 55
181 1
312 59
49 33
303 62
67 24
176 42
92 47
312 9
288 1
223 15
167 85
154 58
112 82
225 69
295 56
158 3
59 89
104 11
184 64
202 23
128 8
198 71
113 67
305 58
220 31
256 86
55 68
268 8
317 48
228 41
118 67
139 77
346 46
56 68
241 52
307 24
119 67
149 64
194 73
215 24
136 21
65 70
341 80
83 13
87 11
1 22
171 17
93 13
123 7
187 57
160 59
354 89
143 84
95 17
148 56
256 45
205 83
172 29
82 6
200 62
37 57
262 21
315 65
58 16
1 86
79 81
144 73
174 76
188 46
54 49
10 5
226 9
245 61
116 40
147 35
187 37
161 5
323 26
251 22
175 78
171 86
270 36
92 80
263 30
141 1
129 66
180 73
214 25
276 48
44 24
340 25
195 88
32 23
275 30
191 43
112 40
226 15
27 41
57 75
197 41
74 77
199 56
327 66
359 18
198 53
79 32
140 86
174 59
66 26
64 54
329 17
34 58
284 82
16 83
306 62
354 69
301 65
324 43
222 66
206 68
228 62
202 52
198 69
182 80
234 10
148 11
214 24
281 33
48 67
132 76
153 72
127 40
270 35
123 9
26 49
78 29
102 66
317 49
265 4
201 69
65 57
204 20
30 14
283 20
327 77
330 60
36 28
268 56
192 7
261 54
63 54
142 3
228 33
217 2
288 58
148 13
38 82
209 59
77 77
246 78
208 66
146 45
36 44
20 28
148 34
68 0
73 20
9 57
301 78
213 37
120 35
339 43
121 25
340 24
166 20
299 2
84 54
353 2
261 87
300 13
202 7
168 10
166 11
126 11
121 46
163 64
320 65
100 89
311 71
295 66
265 80
242 88
204 63
204 43
15 64
265 1
320 88
108 31
320 43
233 50
241 89
168 55
114 10
165 8
287 37
337 12
107 69
232 18
63 37
334 53
49 86
111 26
217 26
156 0
206 51
84 72
319 9
35 69
202 29
270 22
232 34
301 59
212 3
200 30
84 25
80 24
142 33
23 44
254 77
256 14
308 26
337 58
200 13
356 47
220 20
238 60
85 26
99 41
120 11
33 59
94 73
139 14
109 53
163 42
107 31
216 59
53 64
138 72
214 64
28 68
125 54
342 64
54 74
235 0
294 16
28 51
286 29
143 32
16 2
281 73
49 85
168 52
201 63
124 33
318 15
103 62
154 2
257 8
209 10
358 42
70 66
143 71
147 58
94 8
252 35
102 15
88 51
240 71
163 10
342 73
1 33
226 38
187 63
103 12
338 69
214 63
305 19
231 68
221 26
121 21
304 72
54 68
257 34
77 11
166 10
243 11
131 24
276 21
100 35
172 68
91 76
41 72
115 75
148 4
303 88
320 17
345 33
264 23
18 86
150 7
34 13
332 59
335 69
166 14
168 74
25 40
81 42
248 39
331 52
160 48
215 47
11 8
149 74
106 71
108 71
326 67
168 78
205 84
4 87
327 4
189 19
57 13
249 71
320 12
116 10
177 32
357 25
268 60
202 38
144 30
24 49
240 52
303 43
283 56
296 81
76 50
155 81
329 74
249 39
9 40
333 2
149 85
150 30
59 87
291 23
203 66
47 35
247 57
15 85
116 21
265 85
341 66
128 44
333 51
71 57
216 27
276 8
63 74
129 41
290 80
9 46
146 73
10 18
67 53
326 73
283 79
226 44
262 25
77 56
232 68
146 31
156 74
304 53
349 52
13 12
64 14
309 81
152 49
27 2
44 17
178 77
256 8
272 15
120 45
337 3
289 13
80 54
246 31
183 71
116 64
312 29
156 89
76 35
124 83
199 26
281 0
349 88
59 85
103 51
213 8
23 13
113 23
89 13
259 49
239 68
206 50
290 73
234 41
186 72
220 12
343 86
290 89
318 23
74 0
329 18
138 54
84 22
311 35
92 76
34 46
312 88
310 4
340 68
298 79
243 68
267 28
290 24
159 78
178 81
78 8
192 5
163 53
148 25
352 80
98 19
168 2
172 2
6 73
122 1
357 80
259 70
99 69
9 8
36 63
248 57
104 89
41 58
294 39
315 53
221 42
165 71
289 38
318 83
203 54
343 2
5 62
309 11
125 75
345 72
165 35
203 26
346 77
152 58
171 74
284 0
167 30
99 42
91 53
283 21
301 16
140 28
24 7
292 30
325 83
73 82
14 17
193 82
88 72
63 41
28 41
23 19
174 82
199 64
55 25
188 67
54 41
20 85
158 44
212 52
325 24
225 83
291 23
340 75
280 23
94 72
307 19
329 45
292 53
346 60
15 42
206 15
132 79
21 24
112 7
310 11
241 33
138 25
281 66
108 70
221 15
183 60
307 15
149 80
40 82
284 53
92 38
99 13
281 30
168 48
277 7
337 80
230 43
157 25
147 24
278 22
297 81
273 64
106 47
156 62
61 52
318 15
16 11
38 58
162 51
257 19
287 64
124 39
56 48
355 34
70 36
120 60
125 70
352 43
200 8
315 13
154 78
201 20
161 14
284 27
127 70
240 40
341 39
218 84
303 47
24 64
250 15
161 48
354 28
268 34
165 30
87 56
313 58
83 30
249 37
84 13
263 27
152 52
332 82
54 27
150 33
12 78
325 50
357 85
277 64
211 23
66 48
283 26
330 76
27 28
353 14
300 85
125 53
355 21
101 23
80 11
322 13
264 8
300 68
76 49
134 44
306 77
135 9
273 78
55 45
115 59
341 71
45 31
324 48
81 70
337 28
125 19
124 63
164 35
60 70
246 61
205 63
137 71
202 10
313 46
323 43
279 47
150 61
349 59
175 55
276 46
276 86
302 81
158 35
301 61
152 2
6 49
336 56
61 39
246 28
125 73
178 21
10 41
26 68
10 68
54 6
333 37
220 68
325 57
14 81
136 55
162 78
182 15
277 31
21 84
240 35
264 17
63 53
104 87
187 33
3 28
265 31
193 9
144 83
62 77
155 59
67 40
182 18
169 71
141 39
172 51
116 89
311 46
226 44
17 52
159 87
34 8
270 55
25 19
32 53
177 83
69 63
64 78
76 9
275 65
174 46
53 61
248 52
86 0
272 10
224 77
89 32
227 32
94 22
309 14
220 35
286 51
251 61
195 20
296 40
115 23
151 46
212 85
50 72
159 17
230 9
129 81
304 51
357 17
132 17
8 48
86 54
81 70
40 8
27 55
78 73
309 26
296 79
312 58
215 88
115 66
289 61
15 21
248 16
85 71
13 44
286 38
294 26
203 56
88 38
210 31
289 84
266 88
245 21
245 67
7 5
150 23
43 70
359 50
270 59
109 65
255 31
57 12
263 21
5 72
325 73
149 78
212 74
344 69
215 88
196 12
271 34
112 19
86 6
68 66
63 23
128 53
193 22
32 21
11 78
38 28
319 24
50 26
273 89
300 59
98 71
242 89
126 78
29 23
78 6
56 5
48 58
88 42
288 31
253 70
219 85
315 32
234 26
187 38
95 45
138 32
131 50
118 87
13 30
190 59
334 43
73 46
62 34
174 32
68 22
69 76
220 68
154 37
167 32
174 38
74 29
302 84
54 42
346 80
321 29
1 14
314 87
91 61
208 20
37 78
155 69
211 54
316 55
163 57
198 27
214 84
251 59
134 16
66 81
46 19
210 44
128 69
200 78
103 22
239 71
184 56
243 63
102 57
183 15
183 34
118 72
250 32
242 34
156 40
260 48
70 89
101 42
346 63
345 47
10 57
189 7
94 82
0 89
63 3
217 69
238 8
40 37
252 23
354 27
316 32
99 40
141 78
298 51
272 23
1 62
147 27
30 26
171 73
227 39
229 30
39 17
254 59
261 0
42 29
193 17
68 1
114 80
16 20
354 54
195 21
258 21
75 65
75 49
49 80
242 72
327 4
214 11
49 31
314 44
78 57
207 18
324 10
218 60
259 26
323 47
246 27
15 20
109 34
285 64
209 45
233 47
142 87
89 11
17 63
228 44
52 20
156 49
310 21
176 5
357 85
131 11
159 38
163 1
287 76
267 11
11 21
274 71
141 79
241 30
17 57
63 7
223 22
179 41
144 52
5 57
259 19
359 62
297 3
94 28
242 30
174 74
259 41
36 46
311 65
142 77
7 57
123 3
109 72
120 74
24 48
103 26
241 80
226 85
230 42
262 87
181 29
83 26
173 81
30 71
162 85
79 0
39 14
321 33
355 6
121 78
310 58
249 69
23 19
183 86
247 83
198 27
71 15
243 1
2 59
7 63
357 24
281 13
134 48
178 10
311 71
47 66
335 66
162 65
64 29
192 66
255 38
70 74
104 72
105 32
12 77
317 86
11 10
3 6
47 49
43 62
92 62
78 83
66 11
50 56
114 37
137 33
309 26
251 34
231 67
54 87
41 57
326 84
83 59
197 44
42 80
317 32
209 21
182 88
320 64
249 65
359 38
6 44
120 13
59 28
130 23
203 79
21 6
320 41
255 87
20 85
131 2
66 40
225 83
274 83
135 38
33 64
325 17
74 25
130 74
335 84
119 70
300 70
352 26
145 24
229 12
186 80
170 11
114 50
348 60
44 34
298 74
330 72
255 81
161 70
266 17
116 17
136 59
116 3
2 14
57 66
119 54
0 33
25 85
110 74
62 6
221 34
150 54
246 13
323 36
228 12
130 42
114 7
0 74
33 72
272 58
29 54
216 78
345 81
110 81
176 62
7 88
214 56
271 75
282 0
12 10
161 84
102 73
137 5
103 53
293 18
59 16
225 55
56 71
295 82
320 30
267 54
271 75
254 45
117 38
76 57
1 36
330 45
132 62
180 6
299 23
225 40
64 79
152 87
336 0
334 80
194 26
41 65
9 30
248 88
37 5
134 63
280 1
86 12
265 85
128 84
355 82
245 38
32 83
70 62
316 85
133 68
17 39
63 3
134 88
53 10
315 12
127 60
185 17
262 9
101 37
216 54
339 82
326 72
141 66
25 50
334 33
108 59
190 31
208 75
130 89
162 53
237 70
223 25
258 33
350 20
30 26
27 63
38 86
305 26
88 83
258 43
213 44
126 33
252 25
45 56
243 82
124 6
188 68
207 58
17 37
196 14
264 82
111 33
111 71
167 72
138 42
44 23
128 12
104 62
128 61
180 21
298 61
56 42
259 81
102 65
271 44
72 28
179 33
13 0
131 7
9 83
133 54
314 19
60 45
225 42
106 0
168 75
230 0
210 29
213 50
65 65
280 40
295 51
53 39
344 4
193 19
334 49
146 39
67 42
49 18
133 67
52 79
52 35
186 75
325 73
259 9
165 57
192 61
247 49
101 69
32 60
248 54
22 30
152 39
165 32
308 61
41 10
134 42
356 74
348 34
11 8
108 34
86 14
155 7
116 6
311 68
181 69
175 11
257 36
244 17
144 68
76 40
231 66
30 60
235 53
39 44
320 31
21 19
29 63
199 6
141 62
126 56
11 58
194 27
355 34
60 3
102 22
29 7
341 83
253 11
145 63
146 73
228 27
340 46
225 89
313 1
7 39
193 11
205 20
186 44
177 62
326 59
195 73
35 71
242 22
241 54
133 78
94 48
356 43
222 87
355 49
85 53
66 82
18 39
40 78
88 45
170 3
124 51
245 80
184 35
107 27
283 7
82 5
132 18
200 75
19 44
176 55
342 10
138 39
210 23
28 19
71 14
89 8
82 33
129 24
146 70
74 74
33 64
341 28
270 45
153 43
216 3
129 63
43 75
273 78
144 59
199 12
30 43
272 52
169 59
299 56
312 10
36 18
300 74
242 54
136 81
138 51
180 66
289 46
168 17
32 25
227 84
207 66
85 61
3 78
36 60
178 3
282 19
199 4
239 34
33 22
300 60
157 52
294 26
341 13
358 60
68 77
355 20
2 30
235 30
247 41
22 89
269 27
254 21
358 41
262 45
341 29
103 61
161 5
199 61
303 79
180 64
318 10
251 41
178 5
121 27
38 49
50 54
94 2
1 21
14 14
69 88
318 60
246 34
107 52
246 75
5 25
196 89
22 7
33 46
90 21
353 53
135 85
207 60
142 56
45 6
357 58
309 31
248 20
67 24
78 35
308 35
160 82
295 54
1 17
213 21
190 81
323 65
238 71
355 8
308 53
46 47
46 1
70 81
235 68
261 5
115 56
3 82
15 14
126 35
23 13
88 45
81 19
332 33
256 71
59 28
258 73
134 0
281 75
119 62
324 42
236 43
78 28
165 70
30 19
140 23
72 30
280 73
69 23
122 1
10 28
89 3
172 9
353 84
206 65
349 65
343 41
88 81
314 0
270 18
29 35
246 3
239 85
75 53
288 25
190 34
107 88
320 72
316 64
18 16
109 38
178 63
313 66
188 68
196 79
3 57
91 79
121 12
123 44
32 76
222 25
331 74
284 77
197 11
25 74
18 77
126 15
249 71
130 77
300 75
303 81
117 54
325 66
31 16
132 89
44 86
286 79
345 47
325 67
270 10
171 34
344 85
13 75
353 52
240 16
358 7
283 32
337 13
73 59
185 50
49 75
246 9
333 44
47 15
279 22
103 17
132 33
121 89
91 74
320 7
180 4
293 57
92 60
323 84
352 16
175 52
198 33
315 20
317 83
263 35
244 87
47 81
43 5
265 87
100 33
158 31
83 25
246 51
338 1
300 37
233 7
221 50
83 64
26 61
41 83
143 53
158 16
232 72
278 55
173 32
313 43
196 89
266 12
213 11
73 72
281 4
358 68
112 10
177 77
97 37
275 68
271 10
248 61
100 60
252 47
187 62
329 73
127 65
102 48
193 25
251 52
217 4
70 70
97 47
299 54
236 3
62 62
203 4
33 1
41 59
268 39
12 13
171 65
319 89
333 36
324 63
27 37
128 25
48 75
105 6
147 60
332 27
22 33
6 8
182 75
309 80
255 85
33 55
257 17
123 89
108 34
197 17
146 61
33 4
80 85
115 14
223 68
269 71
182 21
62 79
200 83
315 27
278 70
118 47
107 83
250 21
252 88
319 33
184 81
174 2
166 68
344 49
3 87
139 6
133 7
162 87
273 83
137 2
8 46
288 3
82 6
86 35
44 4
241 40
111 73
123 64
195 65
116 13
291 15
324 67
67 44
261 62
109 17
80 0
266 3
293 66
212 7
61 63
259 63
42 60
255 7
174 38
208 23
310 8
74 33
335 36
16 40
101 60
198 45
189 84
152 16
209 61
23 1
179 85
67 83
213 84
168 26
352 63
196 84
206 30
102 6
276 43
51 42
79 72
172 57
285 8
73 48
36 76
156 60
226 62
46 11
344 46
306 74
27 24
173 18
141 50
174 65
215 14
217 34
328 8
135 72
327 25
2 71
22 39
107 10
193 79
327 79
20 68
286 9
64 8
358 49
149 47
150 7
53 17
248 88
291 56
101 66
297 68
288 79
203 83
324 49
216 44
203 29
111 85
108 77
205 35
97 35
283 88
258 3
166 0
108 18
203 45
259 50
316 72
280 24
314 71
7 23
145 56
198 51
98 8
326 59
262 84
109 47
147 22
297 26
233 85
254 66
211 78
344 7
264 10
240 60
344 14
127 67
82 17
230 58
345 18
229 9
344 71
346 70
216 63
129 3
37 22
223 18
275 5
307 43
313 81
115 84
141 54
350 43
273 84
197 63
160 50
138 17
356 67
221 34
6 75
219 5
309 68
153 46
135 32
349 60
167 82
65 65
196 6
207 82
22 67
159 45
105 49
85 1
258 74
92 21
21 59
286 71
19 80
359 51
41 63
315 55
304 66
176 33
18 88
127 32
148 24
182 43
241 51
200 84
343 36
57 64
309 50
78 42
278 16
229 8
338 3
33 15
74 50
336 40
100 18
93 29
224 89
314 20
270 85
167 41
344 19
350 25
7 82
318 25
289 1
108 28
84 6
35 49
358 14
133 6
66 59
290 57
15 1
338 6
188 2
267 29
306 83
92 10
196 84
10 89
281 74
162 73
126 29
285 39
1 42
256 65
354 10
298 11
159 50
304 77
167 82
138 36
358 1
100 26
167 15
135 55
139 29
12 37
41 57
271 19
358 86
55 20
56 45
327 78
324 83
240 8
248 40
116 57
317 64
163 2
357 13
105 29
226 80
12 11
323 0
73 58
114 46
150 0
80 6
167 4
45 55
85 9
84 39
210 53
162 28
214 87
39 39
223 25
254 30
333 65
51 57
336 52
172 78
104 0
90 11
60 80
249 78
23 49
222 71
327 62
101 78
258 20
267 62
266 58
131 28
31 55
31 35
303 18
20 21
70 76
73 58
194 13
335 82
80 18
35 69
99 28
242 38
206 48
78 35
279 10
133 73
312 86
319 52
207 75
107 1
59 33
305 68
57 43
107 12
107 25
311 57
349 30
44 48
142 58
79 53
96 5
228 29
171 22
277 53
277 46
170 49
83 45
91 47
94 44
88 33
316 53
60 65
137 6
118 75
114 81
84 0
133 24
289 50
253 71
195 68
3 86
186 47
207 16
79 56
155 4
125 17
259 74
245 45
122 63
132 47
175 56
96 26
335 4
238 80
158 12
68 82
14 7
301 31
168 86
221 4
35 57
113 84
326 65
198 55
224 65
350 1
123 56
359 42
79 7
322 37
203 66
259 44
238 14
316 51
60 66
306 82
17 44
249 0
271 12
34 75
38 87
85 61
355 37
336 63
352 14
265 84
150 77
126 20
153 85
189 22
216 57
292 48
294 64
256 50
181 21
154 47
33 13
151 10
124 12
299 77
301 23
37 88
217 44
200 3
53 3
3 9
81 40
267 24
244 33
359 7
16 9
227 13
69 48
319 20
28 5
40 53
340 70
12 1
200 89
42 46
350 34
86 45
324 46
176 9
348 81
154 44
38 35
344 47
197 13
312 89
144 14
122 29
69 57
88 27
148 50
34 67
163 7
19 32
175 32
182 43
213 50
219 44
274 14
75 41
309 58
66 40
354 58
36 43
235 28
6 41
346 31
4 77
183 55
104 25
354 48
311 7
326 1
177 25
77 58
323 44
300 14
251 24
293 28
219 9
227 1
286 52
237 39
90 34
325 24
343 49
195 43
60 24
178 12
41 87
3 85
279 62
153 35
269 8
133 26
220 82
82 5
137 42
26 24
340 54
254 4
14 20
244 41
312 5
119 87
213 67
155 75
13 25
142 29
287 81
296 29
158 27
101 16
149 2
347 58
278 26
165 80
328 13
39 37
229 38
220 83
68 34
40 65
161 24
134 32
263 30
93 42
137 55
171 51
307 20
240 31
168 16
265 24
352 50
115 38
83 64
49 24
332 70
129 17
252 10
60 42
35 57
188 21
155 12
135 6
35 46
140 77
349 29
259 12
201 58
258 13
248 84
64 16
92 68
164 35
314 54
254 64
275 79
160 84
183 17
312 12
271 5
308 64
358 47
42 71
143 16
5 54
238 13
211 5
318 88
3 32
249 80
132 11
1 7
304 73
33 33
303 44
21 18
125 33
81 8
216 58
106 31
96 56
18 79
316 83
209 17
116 48
35 36
77 6
337 13
1 45
73 50
255 63
323 47
198 47
100 14
306 47
232 39
59 47
105 22
83 32
68 80
139 42
190 87
275 69
247 41
29 35
109 62
214 32
248 85
301 50
316 56
11 76
328 35
197 69
341 61
235 29
247 42
32 62
346 61
241 71
185 25
124 50
344 66
231 71
289 12
54 47
250 68
259 71
42 42
331 16
31 42
162 19
231 72
260 13
203 42
334 29
308 85
289 88
326 41
90 49
114 45
225 54
263 76
124 34
234 37
305 5
26 81
7 56
327 41
55 14
150 79
334 33
145 63
149 14
224 6
358 32
43 22
279 76
37 41
176 83
293 35
347 48
117 4
307 78
255 45
237 66
275 71
44 47
53 53
0 23
296 55
225 88
78 62
83 13
56 74
2 18
203 59
6 42
81 61
29 60
208 56
35 22
254 44
136 80
161 78
259 32
173 43
115 77
81 5
245 51
296 47
34 52
100 34
142 77
185 31
46 31
115 71
124 11
270 47
295 15
354 52
55 89
118 75
141 47
271 23
110 2
145 71
327 43
354 9
265 18
95 66
200 58
197 85
85 21
316 84
134 79
346 36
301 7
96 26
310 64
185 18
15 20
259 76
157 50
67 81
195 26
74 26
359 83
256 71
114 59
38 17
265 29
44 47
295 40
217 54
352 70
154 56
126 0
331 18
254 69
188 51
74 21
198 83
257 34
346 4
108 79
21 6
15 57
236 82
357 3
158 64
77 8
202 16
129 86
335 3
154 24
276 24
23 32
88 22
341 81
350 45
223 83
38 29
294 7
159 9
3 32
111 3
82 74
86 26
55 57
79 78
1 25
133 28
81 68
227 16
7 65
164 78
196 9
150 37
273 84
258 42
85 6
270 72
106 26
171 48
64 51
80 32
32 76
138 14
163 9
6 18
61 70
235 56
86 61
89 4
21 61
7 82
162 27
325 64
243 64
38 27
190 76
101 28
336 76
82 34
353 84
258 9
162 40
186 84
164 6
194 66
205 49
194 75
129 59
140 77
67 17
129 29
9 28
104 40
30 20
255 15
38 37
298 20
10 65
224 3
107 67
134 80
172 48
190 67
178 62
99 68
99 11
177 49
220 71
164 80
89 48
278 64
257 29
184 56
55 19
4 41
305 54
95 40
187 30
338 10
92 60
69 34
259 77
318 66
119 34
152 75
103 18
190 89
293 24
73 41
326 38
75 46
215 57
23 51
319 67
16 28
325 24
49 19
224 5
59 71
246 55
1 1
183 8
174 83
2 53
120 18
354 55
298 82
20 61
162 81
201 73
45 62
152 24
317 11
181 84
241 29
320 40
264 33
125 30
294 42
158 12
67 20
50 52
189 4
261 40
184 53
253 78
343 17
292 75
13 73
289 1
99 56
101 29
308 87
134 40
265 3
134 84
213 68
96 33
337 19
334 68
132 25
307 5
41 83
326 87
339 52
196 76
91 46
173 29
243 14
102 25
276 69
252 4
350 83
209 19
216 57
164 69
165 52
215 28
280 87
137 34
66 43
37 15
354 9
86 10
213 17
123 55
150 43
38 18
177 82
308 82
207 11
204 40
147 74
254 79
222 60
221 39
167 74
30 22
315 51
170 88
48 55
262 71
281 76
69 86
92 89
251 35
26 30
342 75
347 4
286 3
280 23
16 19
9 53
127 29
202 12
13 24
229 86
12 57
109 24
244 35
30 6
93 67
104 78
14 84
31 71
74 72
217 21
209 85
295 25
292 10
31 55
321 47
210 37
171 34
331 72
260 29
116 86
218 74
63 44
144 2
165 41
27 68
86 48
312 39
70 16
73 44
100 81
330 68
298 58
177 81
104 68
301 68
30 35
57 51
268 1
230 7
298 85
148 71
138 26
129 44
52 37
270 21
7 39
119 20
126 54
181 44
351 28
192 29
274 49
354 57
223 41
32 76
37 15
180 48
204 54
340 0
290 70
241 30
87 56
189 5
73 63
230 19
95 59
115 69
163 37
303 63
331 75
318 65
103 44
325 24
113 0
304 51
278 88
96 71
178 15
109 52
178 89
218 44
260 54
18 70
294 19
255 65
69 49
169 68
199 81
102 79
266 24
297 75
139 30
188 1
68 39
34 13
115 67
174 38
330 44
263 18
79 38
105 59
344 79
18 81
45 16
49 33
81 82
179 26
27 33
314 69
278 14
333 35
136 47
19 48
281 61
282 55
12 71
95 17
206 33
270 43
196 78
22 7
317 82
121 61
170 5
13 18
153 31
15 11
25 61
255 85
137 78
0 75
146 79
306 41
151 30
88 46
202 79
39 54
225 46
18 21
344 57
199 85
338 40
63 10
104 23
317 87
94 27
10 9
208 85
120 40
211 33
131 13
61 39
320 43
2 72
158 47
62 37
153 21
126 10
333 77
102 31
276 51
88 15
89 22
159 5
81 22
315 81
327 26
277 0
253 13
349 76
305 83
344 68
300 78
163 32
107 56
77 67
109 26
2 76
350 62
301 58
298 13
126 8
280 6
50 10
327 88
347 71
65 49
85 76
292 11
270 23
201 19
344 27
358 82
244 3
354 64
194 76
29 78
213 21
313 43
198 75
60 51
293 72
318 5
211 57
310 62
183 22
2 60
44 13
246 5
258 75
137 35
289 75
326 31
31 58
142 7
245 63
143 71
95 68
188 48
208 55
147 39
112 58
315 76
315 36
205 77
112 9
147 41
72 36
325 3
148 65
352 59
72 84
328 21
265 68
303 36
73 60
99 59
188 23
254 44
243 52
231 80
162 22
205 85
167 7
326 80
341 21
112 74
316 86
61 24
81 88
297 8
247 72
146 78
357 64
77 64
313 33
259 2
42 64
140 3
146 88
120 45
104 38
229 81
12 5
145 37
30 65
149 24
252 70
275 58
59 57
115 43
55 89
348 43
134 68
177 27
217 25
11 53
174 8
263 2
11 8
191 16
104 48
283 8
226 48
19 59
12 35
256 24
158 56
341 14
116 81
4 27
276 83
26 43
12 50
297 87
101 84
110 23
125 22
296 42
142 81
336 10
139 49
134 16
110 72
112 35
37 24
300 87
252 27
274 15
122 55
326 12
77 36
264 3
131 14
110 67
238 67
64 14
274 9
271 4
319 27
23 73
6 55
54 57
215 35
175 8
348 23
102 57
87 37
221 31
15 33
200 61
151 52
323 59
328 81
133 71
181 73
45 11
324 34
98 40
46 76
192 67
254 81
285 41
65 40
144 68
74 4
8 2
192 43
265 27
107 44
319 68
145 54
341 28
237 63
69 65
253 73
332 8
105 2
41 58
74 61
145 6
172 43
210 37
10 19
353 18
241 65
107 42
158 45
79 78
53 30
340 89
115 61
129 50
163 62
186 70
132 51
202 64
303 85
235 68
77 19
195 58
137 88
242 11
268 85
75 47
249 53
232 81
107 19
133 71
55 42
236 49
147 55
254 40
189 53
218 6
46 19
65 10
352 29
191 32
319 49
73 71
214 64
237 76
270 29
22 42
73 64
204 64
283 55
150 12
233 1
300 65
195 63
59 66
62 1
197 31
62 70
221 24
113 23
209 64
55 76
33 69
173 16
292 19
75 10
156 35
12 85
314 52
302 76
307 15
144 24
36 38
5 14
216 59
235 39
307 1
35 30
357 79
260 76
160 19
15 85
326 64
252 54
79 42
145 33
240 49
11 70
285 37
92 66
79 3
333 71
157 52
277 62
196 45
93 10
89 10
103 73
357 22
111 61
68 85
205 28
344 77
65 7
248 65
27 53
241 24
56 11
293 0
270 61
278 64
196 19
233 17
131 17
92 22
156 74
75 18
246 21
38 32
38 82
106 45
233 74
186 54
49 68
21 82
137 52
237 28
32 51
305 9
343 79
166 24
106 54
231 45
349 20
274 49
91 73
258 53
27 67
268 19
1 76
147 18
163 68
96 21
314 26
271 3
56 59
187 20
299 85
321 81
252 44
46 65
313 89
82 6
224 58
146 29
328 79
89 27
187 36
306 55
272 62
198 36
214 84
180 1
140 25
61 53
125 47
4 50
239 9
23 13
123 22
223 62
108 64
272 13
121 14
91 31
215 46
111 53
48 36
154 55
236 37
224 38
91 14
100 42
23 18
305 44
331 21
310 8
306 69
344 76
270 28
299 53
78 47
85 52
256 51
302 34
163 28
86 10
4 61
146 58
329 24
240 47
43 41
104 83
204 10
311 67
158 3
191 12
69 9
358 14
42 2
99 43
329 5
212 59
10 78
304 18
317 41
250 13
93 85
224 10
270 44
15 14
289 78
356 16
132 60
0 47
284 10
12 31
36 58
16 88
304 61
212 4
191 75
278 3
26 18
74 21
44 74
245 71
249 14
69 11
352 86
148 40
233 61
135 62
47 21
351 47
138 14
205 33
348 50
171 65
136 49
170 28
202 44
109 68
212 76
254 15
302 47
173 1
14 49
182 0
308 50
347 62
235 10
8 4
48 82
6 44
327 82
118 35
199 9
13 47
255 74
231 54
226 8
100 79
42 25
310 19
282 38
177 58
320 16
252 5
45 4
132 61
113 18
163 43
156 39
53 32
207 63
68 53
293 59
92 28
256 9
313 49
302 83
42 11
229 74
92 42
158 74
192 11
59 8
1 49
25 66
24 8
67 39
321 17
334 24
311 2
350 54
98 59
42 20
299 50
208 39
37 39
265 47
117 2
137 48
60 72
16 69
165 78
334 3
209 2
57 4
290 1
31 83
146 63
173 67
327 4
264 39
110 20
235 35
3 44
140 66
340 22
8 17
230 19
250 10
71 21
326 60
353 38
235 76
274 85
2 83
319 22
146 36
285 48
255 45
162 76
176 65
270 9
281 50
111 22
45 13
222 38
78 16
342 67
169 47
2 82
270 56
227 6
7 64
197 12
104 5
122 49
229 84
118 7
152 68
144 38
132 80
280 0
286 22
169 89
4 11
16 60
121 62
227 85
240 7
215 28
189 0
196 3
119 86
315 85
292 47
281 3
173 70
198 40
143 43
301 5
209 28
281 59
30 50
5 15
340 75
302 81
266 17
53 77
261 50
24 28
178 4
21 68
119 77
297 1
293 15
279 89
292 12
3 55
128 62
27 55
242 78
343 40
246 38
257 80
204 40
238 59
90 34
297 4
234 64
313 85
204 47
41 41
6 9
192 71
118 87
81 52
284 71
82 60
233 24
315 47
318 78
33 20
325 26
147 65
52 14
346 79
249 9
1 5
68 56
78 80
61 54
100 3
214 7
117 22
269 53
12 59
255 81
168 21
174 46
305 88
274 47
46 87
271 62
308 32
18 33
237 13
170 5
320 81
148 26
100 41
1 43
359 18
128 58
320 39
330 54
57 50
238 29
113 70
6 81
244 89
75 49
179 63
91 43
131 18
174 73
50 41
111 42
85 31
118 8
54 70
78 75
264 51
109 68
94 4
282 46
258 7
95 20
304 17
150 15
75 3
278 16
80 63
227 73
316 23
23 58
117 3
313 68
91 46
312 86
271 38
154 36
316 37
250 54
107 70
213 59
345 11
161 50
162 72
39 17
25 46
288 30
246 45
333 50
286 16
79 39
187 11
304 40
329 43
33 2
254 15
165 87
41 9
301 7
343 10
189 0
259 63
232 26
312 53
162 23
258 73
17 73
31 35
27 84
256 10
327 66
234 83
208 10
288 13
180 67
147 34
221 69
88 47
306 31
60 81
168 16
158 63
124 35
46 59
278 67
341 14
104 75
128 88
253 16
26 40
116 26
51 19
203 81
256 55
164 18
79 7
230 68
296 12
326 56
192 85
244 55
224 20
88 58
287 12
359 0
0 78
142 69
323 9
242 53
317 54
42 72
292 8
56 31
158 82
296 30
216 74
257 11
326 69
26 67
286 49
203 79
279 29
328 66
166 20
305 28
339 14
0 60
260 22
212 62
219 34
109 23
44 39
145 35
178 4
324 42
356 20
156 57
59 32
121 67
282 40
202 87
57 34
50 70
356 4
310 79
152 37
281 15
236 12
258 73
318 52
180 2
182 59
262 74
76 83
348 41
130 18
189 85
115 15
333 16
310 64
145 71
98 50
27 26
220 39
320 47
155 2
345 18
81 38
158 66
187 74
315 14
79 79
33 25
79 46
302 23
120 41
286 72
151 76
169 88
238 26
305 32
300 25
290 77
225 14
91 7
23 8
158 0
149 0
286 52
103 19
197 11
193 7
113 56
160 60
257 58
156 29
168 61
217 28
316 6
302 52
183 38
239 54
136 42
219 27
336 65
304 80
161 70
308 3
133 86
190 23
245 5
8 27
280 49
286 79
229 49
144 23
326 69
171 9
121 68
72 80
302 61
245 42
308 30
309 81
59 40
134 50
296 63
250 25
130 1
185 71
309 6
230 64
67 6
220 76
64 47
63 57
99 76
144 34
308 49
190 22
243 71
310 86
85 89
90 60
255 29
117 3
42 60
191 35
245 22
217 50
254 2
284 81
156 54
286 63
136 75
145 70
11 25
57 15
352 83
247 78
40 66
271 65
217 16
296 64
241 38
203 44
256 67
339 52
94 80
118 61
47 15
314 87
247 48
169 36
104 63
117 52
338 53
80 12
271 25
19 2
294 73
41 10
23 55
262 27
74 50
218 51
231 54
72 0
76 60
335 57
299 29
120 73
214 55
194 1
319 25
226 60
263 0
7 63
175 86
96 50
128 46
74 0
185 78
265 23
39 48
132 84
91 52
187 27
28 50
136 2
188 64
332 36
283 83
63 78
316 54
139 81
133 8
34 3
221 67
96 40
159 27
212 12
209 82
331 82
345 73
179 35
347 11
53 62
79 68
73 67
154 4
314 33
197 20
19 40
208 18
45 12
18 30
14 56
39 36
213 88
189 78
87 86
179 13
202 78
231 4
157 33
330 12
350 76
170 30
19 72
86 26
53 21
105 22
34 74
176 18
293 39
154 60
208 11
172 21
37 56
26 78
49 68
311 63
220 72
177 19
65 26
357 12
325 12
330 33
151 67
322 55
310 16
35 22
276 65
242 29
242 55
252 78
44 11
299 68
181 81
119 83
322 1
173 60
184 52
354 46
13 57
247 9
228 35
158 64
128 21
5 42
322 79
222 88
321 2
132 38
301 57
358 77
42 81
239 62
32 20
34 8
257 25
128 85
333 11
332 12
168 26
45 78
340 31
99 15
288 83
289 79
315 88
217 26
138 52
282 72
34 6
84 73
111 57
53 28
217 37
278 64
45 77
8 18
158 77
178 51
165 13
307 14
349 23
276 78
122 11
209 46
57 12
299 77
237 24
69 78
100 6
59 21
157 0
24 49
183 43
42 29
288 78
162 64
233 11
269 59
239 16
344 40
10 67
203 2
218 68
357 1
272 70
84 44
20 57
40 77
326 37
163 60
49 36
60 65
210 23
138 0
237 47
33 58
1 26
87 30
290 28
346 60
226 39
357 5
72 17
137 84
134 53
303 70
214 84
278 75
323 82
128 86
86 51
99 18
169 38
333 9
75 54
291 34
210 48
203 18
236 78
127 27
131 1
138 19
295 72
104 84
215 0
236 62
12 37
304 77
216 51
330 21
97 30
91 67
340 28
110 19
41 62
286 34
22 10
287 78
354 32
20 42
20 81
211 12
93 56
11 45
160 36
144 89
64 56
116 6
61 52
127 64
97 69
161 76
180 60
305 31
11 80
318 68
5 77
149 27
236 7
221 25
318 59
85 8
221 87
82 75
123 83
241 47
37 78
249 28
275 86
205 3
13 8
329 47
22 2
25 66
228 36
9 44
300 28
319 22
106 89
38 45
294 50
18 18
218 67
227 64
252 33
244 1
87 75
165 44
198 83
326 27
180 82
278 56
239 88
132 38
256 40
220 24
100 16
249 42
314 52
275 56
134 57
43 66
63 79
320 12
260 23
97 18
186 48
113 64
52 87
219 54
290 88
177 45
69 64
149 60
235 79
121 38
292 54
75 80
13 45
90 14
35 13
66 11
136 15
162 21
237 9
137 25
262 48
58 16
198 19
291 17
197 32
345 56
1 89
209 8
251 18
34 63
138 36
133 18
153 65
210 74
66 51
342 71
292 31
295 18
147 76
158 10
162 71
84 69
228 70
351 87
331 60
1 51
34 55
106 1
149 70
19 56
338 6
264 11
317 76
259 50
46 70
327 1
53 30
284 68
249 55
246 84
25 3
246 15
198 17
163 47
51 83
199 27
69 15
328 69
245 22
154 0
162 6
355 59
252 9
113 66
61 14
290 34
359 10
150 38
322 60
85 9
214 24
262 51
110 18
299 4
143 75
60 63
321 69
31 88
20 48
283 75
124 12
236 42
3 56
307 14
122 55
55 25
315 81
74 63
307 32
336 74
115 51
309 74
116 31
343 25
67 40
171 57
107 17
96 69
37 74
293 67
291 21
276 52
173 69
198 12
347 17
21 16
274 70
41 64
38 62
2 87
36 41
39 86
343 7
312 84
60 12
124 15
271 47
94 61
217 28
249 53
160 86
232 33
253 1
146 66
359 0
350 48
90 2
43 67
9 86
142 43
49 56
287 58
39 35
126 77
336 70
215 89
207 6
176 28
280 68
325 57
98 44
198 50
307 54
202 0
350 32
253 3
85 39
340 44
252 12
305 8
28 40
86 23
116 73
354 76
150 84
133 6
9 57
228 40
198 37
310 81
315 49
197 2
185 63
197 36
301 82
222 29
191 72
200 12
268 8
297 81
62 66
35 29
208 84
84 14
137 81
349 28
33 10
122 50
154 30
102 68
39 21
154 74
293 66
205 75
53 63
91 38
88 62
272 37
16 56
292 9
86 82
139 32
123 43
148 72
22 30
97 55
170 61
136 54
298 29
348 77
249 35
251 47
173 88
36 54
191 80
184 19
198 18
278 20
322 32
130 8
324 51
293 16
209 15
87 69
40 29
105 10
111 84
52 63
26 22
240 53
225 60
104 56
276 33
96 43
34 28
342 26
178 38
273 34
303 26
262 75
208 44
16 83
258 89
228 8
274 32
175 23
296 52
275 24
259 25
271 72
49 68
267 25
236 66
241 10
200 2
62 63
352 21
156 6
337 78
28 64
61 2
33 50
286 88
69 87
81 23
62 17
284 63
15 75
148 58
280 35
157 40
357 87
343 29
60 60
33 43
167 70
167 67
321 11
168 57
200 40
268 19
340 1
313 77
108 56
21 51
236 16
269 31
90 20
206 24
278 60
254 34
195 7
236 30
85 88
231 78
62 88
162 65
309 11
326 14
190 6
307 80
61 49
207 51
296 43
111 47
130 30
30 62
92 18
101 43
195 13
287 85
337 71
245 49
343 57
5 56
33 41
222 56
95 37
172 15
168 49
79 17
177 15
67 17
126 32
68 63
233 18
55 75
128 58
329 31
332 30
282 76
297 39
268 76
337 83
126 82
27 85
149 6
338 87
272 41
147 33
50 37
261 85
254 88
4 26
325 59
190 1
191 26
312 61
213 6
100 36
103 30
289 54
219 83
77 73
341 21
170 21
201 66
122 68
255 69
52 85
159 12
152 29
223 60
206 24
351 10
267 45
107 4
288 65
213 60
264 63
145 28
107 40
258 6
168 89
40 30
342 39
248 11
260 72
211 87
174 64
9 83
78 54
140 31
285 81
354 50
163 9
149 38
245 78
204 57
96 63
110 41
80 7
186 15
170 84
81 85
344 7
262 85
332 62
63 66
230 15
290 58
185 59
247 22
100 36
131 80
72 87
283 9
230 23
90 3
190 47
84 27
82 57
69 71
14 50
192 54
272 62
284 19
33 13
281 71
356 83
126 19
234 53
355 27
46 61
287 23
323 44
269 58
205 16
31 57
2 83
112 16
158 6
58 0
331 76
249 83
340 2
27 68
160 8
72 84
211 3
325 68
75 20
203 8
299 78
148 5
3 30
208 87
141 5
295 50
51 89
60 19
255 75
310 61
357 56
233 20
312 57
202 18
227 17
73 24
348 65
233 70
191 10
5 8
285 69
143 32
246 22
188 67
180 6
12 37
230 63
265 70
229 22
318 67
96 11
191 53
55 17
74 73
146 49
351 14
215 59
318 60
177 62
242 41
107 86
315 85
230 40
61 85
93 69
2 62
302 48
260 19
325 50
216 13
23 1
115 23
265 31
1 29
13 72
4 33
19 44
1 4
233 35
46 45
310 53
189 41
127 21
43 4
96 68
278 9
138 24
328 40
166 62
34 81
117 18
118 72
210 57
131 58
211 76
64 71
185 75
341 73
126 8
151 63
218 31
122 41
44 19
275 80
97 37
65 87
9 6
146 8
246 37
35 76
173 34
287 72
40 53
4 50
75 37
113 39
120 13
191 33
343 68
290 69
275 43
187 50
287 85
215 69
306 46
24 27
312 42
18 53
280 66
348 0
180 4
38 23
346 24
68 53
174 10
197 36
59 46
225 39
166 58
97 60
239 6
359 35
106 74
203 78
305 82
254 44
271 57
169 80
252 8
26 53
352 79
88 84
168 61
290 81
1 30
75 81
182 70
217 64
28 41
319 83
218 82
16 24
174 55
279 9
225 24
305 16
250 33
329 37
316 3
158 85
52 41
286 40
344 0
183 69
351 46
269 84
300 28
326 53
185 33
352 86
88 58
258 64
49 47
302 25
33 50
357 19
58 33
294 51
302 4
14 67
12 5
157 35
197 49
41 16
312 14
93 78
197 86
64 84
216 37
15 52
221 81
67 79
87 37
353 25
25 68
90 27
325 12
262 25
149 60
25 7
218 44
350 86
39 59
358 52
70 60
213 44
74 57
227 72
49 8
280 39
185 56
260 26
159 47
127 50
91 75
13 19
261 63
219 61
142 6
339 34
155 63
141 10
354 10
114 3
210 13
159 79
185 40
64 71
72 48
270 35
272 9
219 36
133 66
84 77
206 49
8 58
159 37
206 1
48 6
77 55
193 70
151 75
279 50
285 11
172 37
285 41
166 6
171 56
66 2
119 27
359 88
154 48
355 49
44 24
194 6
226 81
90 77
335 42
245 49
222 74
105 61
79 79
174 21
21 41
35 44
88 10
337 22
244 52
270 55
150 1
64 69
109 57
270 52
196 3
85 56
216 70
176 45
182 5
7 16
281 56
215 81
43 35
202 28
225 80
331 72
234 43
137 84
348 61
344 68
272 69
182 13
116 73
99 44
173 62
315 51
152 4
239 12
256 35
233 19
166 64
142 4
31 64
158 6
301 37
85 17
298 73
0 7
45 8
298 85
259 36
330 47
94 37
108 31
322 46
149 45
55 42
241 66
303 82
154 89
103 2
330 64
209 55
27 0
232 76
101 20
217 18
292 73
288 17
315 70
158 0
26 22
359 59
56 75
199 11
147 50
67 17
203 72
318 51
352 46
186 68
178 61
196 85
51 39
23 76
202 55
217 58
48 13
43 71
10 16
52 51
275 20
359 66
145 2
97 63
121 83
72 30
109 89
2 3
357 31
129 10
166 8
59 17
79 28
203 5
57 64
298 77
81 85
246 78
209 5
246 87
57 33
56 51
146 57
10 75
281 55
295 56
122 19
314 62
299 73
148 16
116 31
210 48
79 77
194 41
214 30
173 48
355 58
173 23
214 42
154 43
181 65
111 56
54 84
70 48
52 14
285 33
72 32
231 22
197 38
241 13
348 23
223 56
266 41
37 13
56 17
189 72
266 14
136 84
79 47
128 78
100 44
93 33
267 0
236 43
237 66
328 42
254 80
256 38
119 37
235 44
185 32
114 54
216 16
236 15
113 46
52 44
67 52
77 51
252 64
264 88
242 43
216 38
22 24
162 71
272 71
340 79
29 61
95 44
30 38
126 70
210 8
317 77
312 44
277 37
290 13
53 5
140 31
62 76
50 41
240 23
74 84
272 27
88 87
234 7
92 29
125 37
275 60
53 33
131 9
185 81
264 68
325 51
170 69
163 37
24 28
23 88
8 8
212 34
160 26
198 26
332 53
295 12
337 12
304 7
41 25
79 53
210 10
107 17
309 24
306 41
190 18
44 78
156 39
47 41
214 5
185 86
261 38
187 57
283 1
151 43
180 69
337 45
209 34
161 38
270 87
95 60
197 75
232 50
237 19
274 10
59 26
170 0
23 86
328 18
166 77
160 26
154 65
190 78
334 8
231 63
143 9
68 10
196 53
285 56
241 12
315 75
209 21
332 74
122 75
301 14
321 19
268 60
203 59
356 3
208 9
335 11
70 18
80 77
137 68
61 78
258 42
231 76
222 89
332 78
2 10
194 45
30 28
339 77
185 89
78 39
225 80
317 72
149 7
292 19
230 43
189 11
211 71
107 40
236 11
317 58
93 77
148 43
232 43
52 33
245 46
200 26
139 5
155 68
203 65
304 87
37 39
241 64
117 31
315 6
49 19
148 16
146 24
119 31
87 37
312 45
347 40
129 87
70 89
113 56
260 3
356 58
202 66
74 37
86 58
214 68
279 23
35 6
128 42
121 21
168 73
187 46
131 84
203 2
87 18
246 57
137 75
163 54
234 8
48 37
131 83
345 40
237 22
126 30
64 64
89 8
203 56
66 3
34 22
186 53
267 40
48 89
31 85
117 45
348 64
243 7
53 58
153 47
81 81
359 85
32 34
44 86
198 24
185 78
79 43
316 80
287 81
154 45
286 72
128 7
166 18
26 38
198 25
169 34
22 71
6 31
13 3
62 39
262 45
53 55
135 71
66 76
55 76
110 47
163 18
135 28
110 41
293 73
317 61
49 80
147 61
339 56
290 57
260 64
359 26
178 88
81 34
208 89
182 72
319 4
130 14
230 70
294 14
26 69
8 83
34 41
5 45
7 66
202 11
102 51
241 81
78 53
295 69
284 48
300 46
115 72
288 39
278 85
48 70
98 39
323 28
111 73
114 22
108 84
155 0
14 83
318 12
285 62
282 44
329 68
69 11
41 76
90 77
29 71
0 78
20 78
65 0
135 89
311 79
289 65
158 79
244 73
220 6
95 25
183 58
188 32
116 69
75 20
130 76
213 83
289 68
352 6
318 38
206 83
304 65
85 17
356 58
24 53
87 77
305 25
303 40
260 60
245 39
83 41
284 19
175 3
213 8
52 43
118 73
50 74
259 4
240 61
23 51
261 41
33 52
215 51
40 6
227 62
15 13
280 49
21 10
162 68
214 50
225 51
91 13
165 66
136 80
253 46
117 6
20 60
100 45
5 1
33 66
23 24
269 12
199 33
164 81
36 82
115 34
215 32
207 23
270 55
248 58
356 21
117 60
308 38
212 43
218 29
45 82
63 54
317 82
306 47
72 21
189 37
282 28
145 28
224 14
152 34
127 35
86 12
93 44
43 61
256 26
55 22
226 81
108 84
254 12
70 42
161 65
167 88
351 55
44 18
233 24
221 1
295 64
78 6
256 52
296 10
69 60
62 37
71 16
224 62
138 72
29 59
255 63
305 15
24 35
39 4
200 53
52 20
104 39
117 9
154 2
58 2
158 69
132 41
221 38
281 75
346 85
289 6
324 30
28 20
58 16
11 78
254 78
277 39
183 9
133 73
357 77
358 88
287 20
61 1
74 53
275 78
285 49
114 83
70 9
356 44
318 6
202 76
66 8
171 39
137 13
345 6
110 49
200 19
26 21
281 72
270 54
237 6
29 41
231 43
118 85
324 44
248 56
120 3
330 80
147 24
95 5
21 51
200 41
310 38
235 8
95 47
124 54
121 29
184 12
24 11
134 25
61 29
18 24
179 47
288 45
333 42
165 34
284 51
241 31
112 35
354 62
23 54
306 53
272 87
193 54
322 64
43 61
89 78
266 25
7 32
325 60
194 52
80 44
14 44
51 76
183 10
96 14
194 21
106 51
154 35
89 54
31 69
77 58
137 21
285 88
72 41
307 61
69 85
287 4
226 52
136 75
345 79
201 12
332 68
285 2
207 79
11 36
196 0
272 57
261 58
88 81
337 78
90 21
346 33
278 83
205 27
290 57
113 25
119 74
158 41
221 38
232 42
224 60
56 32
207 66
86 68
21 78
322 25
268 28
296 19
123 20
181 13
278 47
111 28
219 1
61 5
80 55
332 51
159 26
261 78
348 0
49 43
209 28
171 33
103 80
317 86
279 55
123 22
181 85
0 83
173 28
44 27
144 12
180 3
54 13
217 32
268 68
118 84
60 42
238 84
99 11
288 42
298 51
161 14
97 40
301 80
232 33
143 37
313 32
199 26
97 47
88 28
350 49
65 1
245 72
173 62
174 61
75 77
179 38
337 68
349 15
24 34
267 23
76 70
208 21
150 16
345 50
157 58
17 64
256 50
181 19
240 45
61 81
305 57
177 74
245 46
85 44
28 31
142 51
219 31
152 86
203 83
162 83
325 47
154 88
93 7
276 76
23 59
227 58
322 18
33 65
261 64
160 37
345 5
112 34
133 61
333 3
58 88
32 10
325 81
247 49
26 73
224 59
151 35
149 83
170 36
196 58
331 70
171 1
346 86
96 58
173 74
174 32
344 20
35 56
50 11
127 48
243 57
277 87
277 35
316 26
81 32
291 64
218 41
194 39
301 79
38 28
246 72
289 24
6 26
53 83
46 29
295 47
125 74
171 6
300 12
357 54
325 82
319 29
142 45
114 10
83 86
106 1
221 68
261 57
296 7
223 23
304 74
290 56
353 38
147 33
138 33
249 24
328 56
321 73
261 51
50 36
69 78
99 88
8 10
157 64
65 42
242 53
62 28
241 44
173 28
34 31
83 29
116 6
315 66
247 38
266 4
344 70
26 9
209 72
150 4
67 31
291 66
260 43
277 73
213 36
9 24
323 47
164 54
322 22
116 60
155 78
7 37
271 41
96 64
115 39
49 83
358 22
214 57
57 78
245 19
245 59
180 13
141 55
211 46
64 67
316 24
40 86
11 2
161 69
256 3
341 53
287 7
54 8
53 80
11 15
221 43
239 80
160 62
327 20
13 41
65 9
71 78
276 48
336 67
225 62
289 42
30 32
353 21
35 76
335 71
171 60
120 0
279 87
5 45
246 2
83 27
354 14
177 73
174 54
61 84
18 73
266 50
278 70
234 32
106 14
316 30
273 52
27 3
218 74
330 22
160 74
36 27
136 13
92 15
347 89
66 45
143 22
302 41
249 2
275 50
343 44
14 69
340 11
126 9
41 16
283 75
193 68
153 8
107 57
334 26
175 44
123 36
186 40
104 30
216 82
173 76
1 85
286 3
355 12
333 84
348 83
233 59
117 77
286 10
0 18
330 60
61 6
203 38
51 33
6 72
19 13
198 18
254 12
111 14
27 21
99 41
295 65
315 81
324 70
232 57
142 41
232 89
310 44
18 36
66 22
27 58
298 83
241 50
159 89
236 39
101 30
232 58
263 72
231 11
334 14
89 80
179 85
12 40
210 76
32 30
34 71
78 22
5 7
185 65
206 79
46 44
342 36
196 22
165 85
330 43
164 6
217 56
210 87
201 13
262 6
233 47
178 15
57 80
179 80
259 84
203 69
230 88
62 58
306 17
316 23
301 87
195 41
165 12
310 64
8 46
293 41
358 88
125 48
253 4
131 31
40 53
0 14
329 38
1 44
88 86
76 86
330 30
233 65
233 72
312 53
259 77
178 56
180 89
270 25
51 30
3 2
294 2
38 84
65 75
221 11
276 72
246 70
275 82
125 10
302 79
42 89
237 42
281 12
313 59
139 26
57 49
45 18
258 11
159 9
179 73
88 35
46 44
11 35
181 57
151 2
257 49
335 2
95 20
19 11
350 10
191 34
51 42
314 77
321 54
223 83
297 64
126 24
33 71
209 75
175 65
335 89
8 61
331 80
333 70
51 43
176 56
227 80
178 38
217 32
92 60
126 16
11 1
310 73
82 80
160 20
85 69
197 16
191 24
241 75
77 24
109 15
248 66
152 17
145 80
207 22
110 10
45 53
357 81
186 50
297 8
68 38
51 56
330 64
285 15
102 24
159 35
192 47
116 0
20 76
308 31
220 14
333 7
22 8
338 73
233 77
264 70
217 89
107 20
39 30
161 89
268 23
318 70
46 41
341 89
130 70
293 26
249 72
28 28
337 14
111 44
300 63
316 51
344 1
358 17
85 57
289 9
191 50
69 11
208 79
89 44
167 6
95 59
261 54
277 86
93 0
291 49
129 47
240 72
42 46
226 4
249 28
172 50
23 43
289 56
209 58
30 38
85 37
311 82
88 52
245 71
214 52
115 71
92 50
48 3
249 23
350 64
52 72
224 2
233 29
178 20
232 67
247 29
157 81
228 26
313 86
257 33
120 46
39 8
233 38
244 87
348 46
328 85
282 46
96 48
345 87
186 71
304 2
142 49
78 11
283 81
349 30
335 69
14 37
147 41
163 77
66 13
229 42
103 26
70 53
91 22
68 23
189 76
248 77
78 5
330 51
128 33
193 26
248 88
196 12
224 64
19 76
25 88
184 82
152 34
197 17
159 72
255 65
253 25
351 88
304 35
133 35
174 49
22 80
131 81
113 50
107 61
46 71
315 54
206 72
2 27
227 88
342 89
42 12
200 31
174 71
254 75
333 32
283 65
354 85
149 56
219 13
194 37
133 11
62 25
183 19
126 66
168 35
301 59
78 21
12 56
59 28
167 34
44 41
278 16
105 60
51 39
342 41
118 14
154 40
160 79
292 28
80 78
151 14
270 33
129 5
96 0
90 66
28 86
88 56
34 10
245 45
90 14
42 78
93 53
343 48
71 52
21 79
150 32
256 49
42 39
321 22
243 81
170 37
118 80
16 41
221 71
128 44
317 88
210 61
168 7
127 51
38 68
306 77
254 7
212 44
105 15
310 70
130 76
240 89
236 57
324 38
172 48
188 68
307 84
321 60
98 7
176 77
48 72
354 80
2 13
80 12
16 43
242 52
177 26
97 56
215 67
44 17
236 36
77 31
203 72
136 3
114 54
131 75
255 75
105 71
293 48
160 76
308 63
53 46
275 2
10 17
11 82
60 21
180 17
157 61
335 41
329 81
306 17
183 89
154 69
92 88
61 68
1 74
228 66
123 1
74 74
325 62
254 77
231 77
117 49
347 78
252 0
334 6
54 51
28 15
133 13
237 54
33 85
177 83
48 84
310 40
281 64
69 15
142 27
154 66
85 30
50 38
195 71
144 88
65 18
143 49
87 84
235 27
36 52
156 45
39 55
16 71
157 10
111 14
56 65
246 25
213 74
18 35
239 38
271 77
66 39
354 18
356 15
313 42
19 15
50 47
344 42
113 30
148 16
169 51
221 21
218 7
9 73
178 1
338 69
204 47
337 13
349 33
102 6
62 25
213 51
196 2
270 82
4 54
29 86
92 27
351 85
287 63
321 70
178 29
87 88
200 3
88 30
335 81
169 56
273 66
282 12
176 53
257 86
295 35
320 67
170 44
145 61
338 49
11 82
263 69
35 38
104 22
213 54
46 87
42 6
299 19
59 48
349 81
58 49
17 86
323 62
154 70
342 64
144 59
78 14
19 63
282 51
169 56
123 86
211 61
243 22
37 31
184 29
37 54
88 70
60 10
236 8
295 11
214 5
296 10
334 49
186 48
289 3
234 9
36 83
167 42
120 13
215 48
37 89
65 74
252 22
218 37
132 61
176 61
130 73
298 11
265 87
169 49
21 74
177 49
322 80
205 9
192 6
314 4
205 80
346 21
24 21
91 12
13 82
294 87
108 32
75 53
273 63
145 75
256 71
228 30
158 48
309 3
126 59
200 55
104 88
77 60
265 84
254 45
23 49
213 28
203 44
43 20
220 70
277 75
46 47
169 37
177 81
217 44
163 70
322 44
28 5
330 30
145 85
190 51
293 26
23 40
205 32
51 36
50 73
71 76
279 1
49 17
263 9
279 66
240 46
183 66
122 35
254 68
68 86
89 44
30 88
41 45
88 22
248 13
24 0
34 12
264 18
35 32
190 5
266 50
217 79
173 26
115 25
89 60
108 86
193 20
173 83
7 32
71 63
50 68
277 23
133 56
41 47
270 24
349 12
152 24
346 77
346 21
89 65
346 72
38 32
218 75
281 81
103 72
345 86
292 47
329 24
292 75
196 70
155 69
37 25
27 14
290 69
341 18
45 40
51 14
271 75
20 17
73 16
247 14
299 55
352 79
229 77
243 28
257 12
202 31
16 32
168 17
194 12
220 9
105 0
149 29
118 21
278 21
116 23
257 42
258 81
280 65
150 36
63 42
56 78
51 69
315 69
110 58
339 55
266 62
258 32
207 50
3 59
127 33
162 55
63 31
92 56
296 21
102 14
202 67
326 19
316 76
279 56
13 76
88 86
215 20
184 35
242 37
4 40
149 54
268 22
26 27
4 76
152 49
170 54
24 83
126 38
73 14
200 72
169 36
83 60
103 49
128 60
290 55
251 56
8 24
183 37
7 24
320 52
129 63
58 42
303 60
357 59
119 28
35 27
271 63
257 25
195 23
247 72
175 33
345 53
170 35
330 45
47 66
35 13
308 8
89 52
92 9
337 89
359 31
142 89
55 79
279 79
43 66
133 89
185 84
125 2
31 48
80 4
112 49
169 25
289 65
217 30
285 19
263 50
203 41
25 36
214 63
64 66
154 46
96 30
283 36
247 79
70 26
223 22
28 63
135 73
280 74
267 16
223 26
24 54
347 27
288 66
1 66
64 65
8 48
99 3
98 0
197 53
218 43
84 4
155 74
128 77
110 85
129 20
19 27
24 47
302 37
126 75
357 20
241 5
262 2
59 15
324 12
163 83
333 88
205 36
186 69
178 64
112 70
159 38
88 54
148 48
254 85
358 44
257 39
281 66
316 42
65 38
255 66
126 87
336 60
9 44
234 4
159 26
70 53
175 21
53 61
341 35
118 42
352 65
160 83
108 36
76 40
136 12
145 71
281 45
37 42
168 18
182 85
34 30
297 38
123 84
129 56
214 43
318 31
208 38
86 8
180 62
288 19
253 2
160 41
8 3
203 69
327 29
110 27
299 88
92 85
294 52
216 19
210 64
119 71
47 58
210 41
352 19
99 32
250 49
141 74
267 59
22 37
56 13
328 28
63 1
105 22
295 49
188 54
82 12
48 9
300 43
237 38
90 25
107 33
154 18
37 25
9 41
84 38
40 82
357 45
15 52
144 33
160 18
54 34
176 71
18 57
267 2
101 76
79 71
5 73
193 57
89 86
1 29
285 26
135 16
152 4
35 83
307 88
252 38
7 45
4 50
269 82
110 52
253 72
92 67
261 79
95 48
102 42
140 3
320 9
29 89
219 70
129 45
114 46
136 85
185 13
69 88
236 24
353 6
208 57
250 63
12 56
218 38
44 57
346 59
180 84
99 64
35 57
159 1
118 30
199 45
289 77
59 31
289 56
354 74
180 38
273 29
336 16
108 19
75 27
155 35
186 81
45 32
274 26
203 72
103 33
267 59
222 48
351 84
56 20
63 27
248 59
337 8
310 89
289 79
242 74
267 85
126 44
217 78
24 41
13 21
306 65
314 63
335 51
80 37
10 81
349 35
40 22
62 87
25 81
140 61
12 46
169 50
244 48
348 78
160 64
41 9
200 89
52 72
325 72
303 17
61 21
149 55
295 86
161 84
22 41
259 48
24 50
293 15
338 47
114 51
341 33
251 14
289 26
332 53
349 76
296 81
356 56
2 11
315 16
320 19
54 38
16 67
43 66
64 66
311 15
297 11
339 49
322 41
191 85
303 21
22 19
106 18
227 77
303 9
326 5
0 82
203 20
110 30
338 47
312 68
33 31
211 39
133 5
203 86
243 71
196 49
234 63
300 72
299 68
351 16
101 51
167 14
133 72
15 23
18 13
121 88
209 65
327 40
243 36
280 63
243 38
137 75
97 15
214 73
48 78
42 15
101 30
34 85
302 64
308 13
113 49
183 31
266 71
122 32
121 30
343 52
227 13
275 14
69 25
341 53
105 0
189 81
85 7
234 47
51 57
289 59
325 63
293 40
304 12
329 36
211 52
342 57
253 82
22 22
290 62
170 47
77 15
257 35
291 33
23 55
284 70
197 66
55 42
139 9
144 12
183 55
255 49
154 47
172 68
353 1
221 71
220 68
327 65
235 84
304 46
227 18
198 39
81 35
196 73
74 43
221 9
303 22
317 34
293 77
305 76
172 19
36 41
268 59
124 81
7 1
147 19
236 9
88 44
26 84
45 41
58 19
252 87
180 9
91 5
207 64
66 45
261 29
255 84
335 46
230 89
300 4
163 67
322 25
259 2
282 6
253 73
148 64
322 39
236 65
28 88
211 11
166 47
343 23
290 19
203 20
138 46
136 22
297 71
141 0
128 5
84 24
341 35
253 85
300 60
247 8
148 63
202 56
268 47
139 70
337 76
168 27
294 78
218 19
89 15
327 3
24 14
184 84
235 58
229 84
284 2
292 82
32 83
6 82
233 46
321 71
199 0
90 52
137 66
271 58
6 81
192 30
334 37
75 74
303 77
127 22
103 8
88 26
270 61
193 33
212 68
26 67
80 53
158 12
204 23
149 8
57 6
84 69
14 8
321 30
34 80
112 81
216 68
86 7
317 37
251 17
119 76
63 64
316 70
131 50
265 48
279 43
239 12
44 62
32 81
212 78
121 75
90 86
316 17
210 28
72 53
19 70
156 69
309 15
69 43
252 56
124 47
196 61
13 76
187 70
21 14
326 85
354 39
195 64
180 55
289 37
232 59
159 33
9 55
339 59
137 9
31 2
125 56
156 10
101 74
94 82
111 69
247 80
308 76
71 38
280 39
171 87
348 39
122 54
289 77
331 29
46 5
255 84
291 67
329 33
305 1
217 68
272 58
47 59
334 51
19 28
183 63
308 86
50 47
251 45
225 45
344 40
113 35
306 24
329 47
275 12
192 42
66 15
339 67
307 31
32 47
350 60
243 69
32 76
195 37
65 79
313 76
188 1
279 32
83 79
195 4
295 11
48 29
48 82
126 74
174 68
251 38
13 43
203 82
37 39
261 85
336 50
325 19
358 0
293 24
98 63
358 18
171 77
24 58
97 62
56 30
101 63
44 81
181 41
115 33
21 6
1 16
125 40
278 27
354 58
192 12
239 48
0 63
138 14
354 28
134 71
302 59
306 23
261 80
43 8
174 14
184 34
183 35
258 34
148 38
103 85
38 83
253 6
152 85
328 62
106 65
335 28
7 84
225 65
315 44
193 80
49 67
144 20
279 22
39 40
166 57
116 81
145 79
322 74
327 2
75 73
153 66
139 38
303 0
131 57
300 27
76 85
98 74
311 56
251 8
318 78
78 11
85 54
141 67
251 38
331 55
18 32
74 2
84 28
86 4
135 13
296 36
33 83
16 79
33 72
242 16
84 28
318 85
229 22
209 36
25 16
351 43
150 4
324 76
140 50
238 65
125 35
293 2
304 75
180 40
228 56
287 72
270 70
282 4
158 14
199 43
195 70
28 20
126 81
62 32
238 46
84 9
294 39
327 45
224 42
94 34
180 38
350 87
188 6
17 63
294 1
145 39
295 48
67 34
48 84
311 67
81 82
176 38
294 38
133 50
108 57
171 22
134 9
352 82
358 34
302 23
73 41
99 30
62 69
330 53
60 58
202 20
25 4
278 6
281 58
232 51
263 47
305 74
266 46
0 17
354 6
213 25
352 28
192 28
88 19
68 30
53 19
63 59
61 17
174 4
230 40
0 41
73 61
257 16
290 32
236 29
284 63
214 11
4 75
208 47
51 38
256 36
275 47
267 52
237 64
57 52
326 33
308 28
37 8
186 40
84 67
6 64
267 65
349 11
155 0
47 67
276 55
349 47
88 80
214 10
309 17
63 41
203 48
346 65
195 76
237 1
28 57
274 39
353 48
53 87
222 48
54 74
43 42
354 60
254 60
346 29
219 65
96 79
232 18
193 63
190 57
235 36
353 35
201 42
60 41
39 36
242 72
252 11
97 23
129 0
300 43
324 0
338 2
309 20
210 24
355 75
201 89
199 86
114 17
264 42
239 25
351 38
59 35
90 48
239 25
272 49
58 85
115 43
214 1
15 49
112 9
252 47
72 46
353 42
273 49
89 52
210 48
311 44
312 48
59 56
248 18
78 38
355 46
88 65
314 44
304 0
90 88
121 2
124 0
349 49
192 16
92 74
192 23
53 76
192 50
322 42
14 66
110 32
128 39
289 26
203 48
327 48
32 0
240 39
62 17
268 37
3 4
325 47
21 71
80 10
142 52
133 51
238 55
197 52
1 58
18 60
320 36
125 14
53 26
105 67
13 12
176 55
145 65
324 47
105 60
345 31
344 59
68 63
55 11
308 63
277 14
234 81
47 22
297 53
282 76
54 52
78 11
266 8
261 60
288 75
56 56
121 65
334 88
238 4
14 44
55 67
301 78
186 20
131 6
113 37
32 10
352 53
242 19
80 54
325 41
56 13
159 38
172 63
223 44
95 14
98 65
72 56
330 6
224 5
333 2
101 59
162 5
152 62
40 15
29 46
301 27
188 15
153 65
298 27
87 56
177 73
300 72
10 71
169 7
8 67
98 49
334 78
222 1
253 18
128 62
346 89
265 20
28 29
51 77
264 46
243 33
233 15
277 77
204 83
201 82
285 70
354 38
258 89
33 10
300 20
329 56
220 72
160 63
347 18
336 40
57 66
345 3
308 0
158 12
274 57
320 85
1 9
334 42
94 64
232 66
61 67
332 63
339 77
245 82
134 58
68 56
357 41
123 87
359 34
137 76
246 44
214 7
183 29
26 65
338 18
242 16
166 68
189 56
282 76
355 20
80 5
347 73
161 32
152 86
152 43
69 29
352 19
202 8
136 33
150 47
69 26
351 8
314 67
206 30
159 46
294 14
214 61
130 77
49 16
232 82
299 50
231 68
280 70
92 20
331 53
32 3
314 3
132 60
342 70
271 57
95 10
143 48
186 88
227 60
65 60
32 49
113 85
215 16
336 29
227 9
47 22
68 68
74 62
93 21
101 62
165 44
350 85
323 62
253 84
153 10
278 81
290 1
266 68
310 5
152 48
148 1
29 86
93 51
5 54
305 13
285 31
334 31
8 47
27 86
192 10
173 81
323 71
183 76
329 31
111 4
248 58
253 20
51 63
239 40
18 46
161 46
19 48
266 61
159 73
263 55
9 49
74 32
100 64
226 76
281 0
92 42
37 43
349 36
308 20
251 11
124 8
311 6
61 59
156 82
194 37
307 54
358 57
6 5
178 64
322 78
131 10
226 43
105 27
69 71
48 4
259 87
303 73
266 83
81 65
358 1
225 50
192 11
264 22
314 56
266 60
102 46
92 12
31 78
227 77
78 48
22 15
334 77
90 78
178 89
344 79
358 73
292 85
137 40
168 69
330 39
174 89
141 58
225 79
20 28
174 83
165 34
2 72
301 70
288 53
254 74
43 77
356 10
38 32
151 20
188 59
353 14
166 13
359 24
273 5
55 16
331 33
320 84
299 13
14 69
3 64
50 20
15 84
90 10
72 87
78 42
347 28
131 13
179 87
358 55
171 8
237 32
231 42
100 24
149 8
269 32
164 12
148 72
94 66
337 64
220 23
318 7
243 69
85 0
106 72
194 32
211 68
288 50
269 7
7 80
3 61
276 25
294 71
190 62
41 44
325 71
114 68
213 81
192 27
211 21
89 59
46 13
100 85
265 63
202 14
101 48
84 65
30 50
332 85
278 31
240 41
66 3
284 75
200 52
221 6
221 47
257 27
145 76
137 25
215 34
133 61
143 41
184 39
302 72
40 0
320 7
112 53
258 31
254 65
271 51
332 70
322 60
118 87
27 52
295 0
264 72
149 83
150 37
84 45
121 36
189 54
53 83
15 79
253 21
246 22
133 4
245 16
312 49
201 22
217 46
292 19
235 5
136 0
288 17
36 56
69 89
20 78
73 26
89 65
81 48
185 78
293 55
199 5
118 25
123 57
58 41
37 51
356 85
34 2
307 65
194 56
36 7
84 32
21 17
85 14
135 25
56 84
212 26
237 81
86 18
333 80
220 86
93 22
338 7
77 47
20 74
59 84
48 68
260 50
251 10
59 68
87 2
256 3
41 30
131 66
297 71
71 51
266 0
139 70
350 57
21 75
355 76
278 71
311 32
89 22
116 47
95 88
125 27
81 57
313 55
42 65
102 4
317 69
309 26
41 45
224 81
226 58
278 23
209 7
307 85
290 72
332 1
300 63
175 65
258 57
81 40
281 27
257 25
85 24
62 54
208 37
300 39
137 32
307 47
328 16
177 67
264 20
126 9
121 80
187 20
98 77
88 75
334 41
181 67
83 41
279 42
137 43
154 0
341 59
41 12
161 69
95 70
231 14
24 89
230 70
260 0
67 26
101 20
132 53
22 15
192 24
222 34
64 26
86 82
282 2
51 8
178 29
146 34
298 34
347 76
86 29
120 85
54 19
36 33
110 11
295 70
188 34
347 31
228 46
145 78
161 34
75 86
238 63
100 10
13 73
308 38
12 54
48 73
255 15
184 86
8 26
39 28
181 37
174 56
51 70
322 72
178 37
55 12
167 38
290 58
17 63
296 29
218 70
357 39
69 65
48 25
264 0
202 3
303 14
18 59
4 68
150 24
319 24
249 10
25 59
276 16
61 67
5 79
312 46
87 59
45 40
30 49
71 88
308 26
113 88
246 29
267 72
149 84
321 85
235 83
207 20
186 49
346 8
31 33
10 55
11 55
75 38
294 57
74 12
87 66
43 83
326 85
12 18
180 4
133 65
328 22
264 82
260 49
0 18
49 82
225 12
22 39
185 67
285 79
74 52
48 68
263 42
165 44
43 46
323 68
76 24
177 8
329 49
292 60
56 55
179 40
113 12
109 89
22 89
74 8
278 84
7 20
201 67
41 48
153 21
166 68
251 9
358 39
13 80
100 38
214 74
196 16
240 24
171 64
192 22
16 20
352 57
86 85
174 72
351 9
209 1
35 6
278 71
284 64
351 27
190 18
289 51
246 27
257 38
36 14
329 18
254 63
249 56
275 88
49 35
96 36
311 32
30 61
219 28
317 29
350 41
298 1
25 49
354 56
256 52
176 25
242 70
203 71
123 30
284 68
237 19
318 7
104 68
88 25
303 21
251 47
53 45
103 27
23 8
214 71
188 53
124 87
38 82
274 31
353 32
38 19
78 7
17 47
90 25
269 51
198 4
21 38
359 54
55 14
107 32
59 29
298 80
113 89
259 65
315 32
77 12
313 72
329 63
78 57
318 85
178 83
289 26
156 62
40 88
176 6
32 71
72 84
20 5
219 6
179 17
147 1
268 73
241 19
138 6
298 30
121 24
207 87
51 72
295 7
317 14
173 61
282 20
293 36
289 4
256 34
344 65
351 40
166 69
219 39
338 8
181 14
49 38
218 47
34 68
131 35
161 74
170 80
242 58
241 50
147 74
342 43
199 42
193 66
327 55
183 39
47 53
299 66
48 24
112 71
85 34
54 53
299 84
266 80
297 22
354 33
141 73
165 21
61 12
313 42
306 47
304 20
247 31
133 43
165 36
151 83
125 83
39 23
348 48
318 88
197 72
203 72
151 17
98 17
152 30
150 28
348 2
270 56
144 85
128 19
236 19
304 11
237 64
179 35
306 12
357 24
286 6
280 57
104 7
68 10
179 2
45 15
49 7
172 25
308 5
205 75
332 88
339 54
167 58
326 85
99 32
296 46
147 71
130 65
348 54
54 3
243 49
82 55
96 37
191 6
224 21
77 82
255 69
85 80
291 50
273 53
187 21
285 86
139 44
310 86
190 28
61 2
116 13
168 74
55 63
177 66
239 72
150 2
266 37
292 83
74 50
209 26
166 54
201 63
351 64
288 35
98 55
180 57
334 11
99 5
359 55
4 60
174 21
250 50
256 74
102 34
194 17
249 9
115 32
275 42
52 18
300 28
186 2
99 84
94 3
329 73
35 51
94 77
135 6
359 18
51 22
117 30
308 76
142 6
284 73
91 62
88 57
356 46
122 30
137 48
179 77
18 23
50 55
91 13
311 33
265 51
119 19
152 30
212 62
264 10
317 77
193 54
293 12
230 87
332 80
144 1
98 52
41 24
103 34
137 63
36 37
124 45
120 48
28 26
32 66
149 53
160 39
101 66
3 1
203 3
298 54
239 71
58 42
270 72
293 62
222 64
252 67
204 38
241 55
353 26
88 67
240 19
130 63
183 88
259 45
171 45
218 2
315 61
314 87
193 55
310 31
263 3
326 4
293 9
121 2
296 53
161 14
324 87
39 56
269 52
43 23
94 38
48 17
179 21
248 36
280 59
37 21
229 32
117 43
94 66
115 68
86 42
97 6
81 67
128 18
193 53
63 16
136 19
146 72
153 38
43 84
230 2
45 4
319 33
294 56
261 31
322 9
249 59
37 53
346 55
148 15
224 1
324 70
112 34
295 56
162 9
337 4
318 67
201 54
68 19
275 25
309 79
20 26
334 31
306 71
8 31
53 23
79 76
167 28
40 40
111 43
304 24
240 21
145 68
81 78
204 66
247 51
109 11
349 56
118 9
319 11
126 22
151 81
248 62
144 81
112 68
13 89
321 43
59 43
108 29
6 32
315 62
166 66
273 43
280 46
303 11
345 66
317 53
53 10
101 36
217 42
334 75
69 48
123 69
25 13
113 36
122 12
55 70
211 19
109 14
178 33
128 1
8 47
25 17
188 22
248 67
140 67
212 24
153 8
1 11
81 66
104 32
199 83
108 64
325 76
102 0
50 32
43 27
93 70
319 2
74 19
229 51
273 33
284 62
266 74
255 51
178 18
83 73
350 20
4 13
275 40
187 19
95 27
110 79
260 58
157 70
177 74
35 24
77 32
272 61
61 46
157 23
97 81
6 50
309 52
13 25
105 87
192 19
111 46
134 54
330 27
25 74
167 5
231 55
285 51
106 57
301 2
192 65
314 85
91 1
5 1
310 3
280 78
197 63
109 81
210 81
151 87
128 47
111 44
313 72
88 56
105 45
252 21
197 16
159 0
70 50
259 1
226 72
5 28
182 35
164 27
185 24
179 75
80 15
119 50
339 8
74 38
321 26
263 7
80 17
112 86
235 73
106 78
333 43
85 66
46 46
298 39
250 28
187 61
136 1
277 81
182 77
345 15
316 3
74 71
106 8
208 24
4 42
40 78
124 70
315 17
304 52
41 60
304 89
30 54
92 6
328 46
142 85
64 25
153 64
150 71
288 25
262 33
86 69
162 59
336 89
314 2
71 69
73 4
180 65
301 13
268 17
351 56
225 6
295 61
269 56
21 47
121 12
176 75
108 11
319 77
297 40
302 27
294 72
113 15
208 4
244 53
81 60
299 29
198 83
315 66
92 44
209 13
321 78
265 47
105 84
187 3
144 4
149 50
204 2
231 81
317 56
49 72
48 49
264 9
176 63
341 7
331 0
99 13
53 81
19 75
147 65
163 13
49 72
317 59
132 26
333 28
359 86
50 37
39 30
203 79
13 28
151 57
308 63
90 81
270 38
17 20
208 86
349 28
355 38
257 32
331 24
9 65
177 61
178 0
42 43
181 71
206 2
24 23
16 31
2 19
32 66
165 42
51 14
183 15
13 8
3 13
138 14
90 73
344 70
161 87
294 63
84 15
310 49
167 7
320 88
352 18
108 55
306 40
72 52
16 31
312 7
132 67
52 13
103 11
68 82
140 89
27 45
258 89
268 24
356 85
269 28
124 18
84 8
144 2
104 83
319 51
259 34
213 31
165 13
121 11
276 18
267 44
310 88
67 29
358 56
303 61
103 12
38 13
183 48
276 70
308 2
46 76
177 83
158 39
221 58
288 70
185 48
346 23
350 55
38 29
162 44
12 30
160 83
166 32
115 6
173 38
290 37
200 67
263 78
294 45
167 77
169 49
80 42
326 67
304 64
157 45
66 52
130 85
19 19
304 62
140 44
317 1
247 16
257 5
48 3
119 15
137 81
217 20
63 89
65 54
300 6
61 54
16 32
90 29
124 22
110 89
133 1
308 85
137 20
89 45
3 39
198 18
287 25
17 69
130 41
75 87
5 80
342 9
5 81
88 58
357 21
267 54
181 51
149 63
173 57
345 37
145 36
303 32
276 1
103 86
177 7
88 89
68 20
182 18
173 46
308 52
178 28
78 11
4 14
11 49
222 78
204 71
275 31
34 44
350 41
117 45
162 41
25 24
171 32
18 57
158 53
134 80
164 73
240 35
88 86
284 16
132 26
181 41
282 44
207 74
296 84
189 49
243 80
37 88
193 64
347 34
196 6
83 21
213 57
184 89
64 31
352 26
41 88
138 31
313 53
124 75
321 79
47 43
346 58
281 53
216 80
69 71
175 16
4 49
145 64
23 27
53 65
258 32
358 24
95 6
211 19
211 42
83 50
329 83
62 86
175 47
117 80
37 46
92 52
102 56
74 73
272 71
93 30
291 66
230 27
156 38
258 66
241 6
275 5
216 84
243 10
82 88
141 47
349 81
93 85
236 37
127 28
229 74
208 67
192 71
24 83
349 85
99 55
58 12
56 62
322 81
58 17
31 73
266 82
320 31
22 19
185 23
209 24
272 75
20 5
267 44
249 45
153 51
79 69
16 36
166 74
67 58
214 58
274 0
219 50
145 25
323 75
156 44
86 78
187 3
13 69
306 82
316 66
148 63
226 59
54 60
236 7
315 45
255 46
252 6
144 86
9 22
216 70
97 41
197 46
145 27
3 82
272 64
283 79
42 5
199 71
52 45
324 70
272 1
338 9
217 55
355 57
84 33
102 68
169 39
66 65
174 62
263 85
150 14
173 32
80 17
127 63
60 33
210 63
189 54
257 35
278 77
199 71
200 12
345 75
260 78
257 30
136 24
294 64
73 55
182 47
305 37
308 72
162 85
135 78
302 35
217 85
330 50
138 13
40 55
55 76
270 39
306 31
48 24
6 49
43 66
8 75
38 17
295 20
280 55
278 55
203 27
292 58
209 85
123 74
306 87
65 25
173 84
211 6
208 2
259 27
141 74
297 31
198 57
135 38
120 88
257 66
16 4
262 70
249 77
93 70
164 22
14 18
248 70
31 18
151 4
96 15
41 4
353 89
260 8
167 58
218 88
247 54
216 82
180 16
301 26
299 46
154 28
136 66
289 64
58 77
261 3
191 27
352 77
258 10
111 54
136 37
352 38
325 3
298 84
57 22
164 6
286 57
154 21
182 61
26 38
339 42
319 10
275 81
78 29
170 74
229 76
276 47
94 8
141 7
76 12
98 73
224 33
166 67
200 12
2 69
327 58
207 57
0 85
269 74
323 72
104 85
244 85
2 86
25 77
161 61
317 23
351 55
32 35
26 11
187 21
317 53
99 45
110 54
326 50
144 84
55 18
292 55
344 11
65 54
262 5
303 57
18 39
5 64
234 22
108 54
167 13
40 4
141 66
202 86
96 26
184 20
36 88
122 68
223 18
273 6
47 24
292 43
329 42
176 51
94 49
6 0
202 66
243 82
35 84
19 84
164 3
115 9
48 57
339 24
89 37
123 12
285 47
325 77
247 26
250 80
43 12
147 88
241 2
157 48
141 65
6 87
301 13
266 81
262 5
37 19
202 29
152 13
267 75
239 62
192 4
63 6
201 15
110 36
305 18
196 50
183 74
321 81
176 17
66 62
242 35
7 19
187 74
146 85
259 66
201 10
87 77
324 33
201 24
290 45
211 74
142 58
89 27
103 66
305 83
295 76
212 44
35 28
257 52
189 42
55 80
249 1
101 45
134 55
218 61
354 84
163 88
328 56
270 84
185 39
154 61
324 55
298 61
37 85
336 23
351 29
75 84
185 49
37 48
79 74
169 25
350 48
119 15
66 59
355 87
148 35
55 63
177 22
154 86
314 14
260 78
3 47
291 57
329 3
33 50
200 82
142 45
88 69
222 24
39 63
166 67
311 77
119 12
198 84
289 86
305 19
132 23
134 9
303 80
123 20
269 76
73 39
258 84
335 38
311 83
254 88
141 41
141 23
96 84
6 15
300 84
269 72
330 56
137 11
220 79
275 57
16 75
229 54
160 56
335 2
104 67
283 30
4 66
207 73
326 4
195 54
200 82
260 51
131 16
73 64
274 54
344 46
304 7
269 50
240 79
322 57
290 82
264 43
335 56
78 18
122 46
134 29
189 19
85 13
220 78
282 48
45 56
302 54
337 1
61 77
336 17
240 53
192 27
273 72
279 21
313 84
108 88
87 22
274 30
199 38
26 74
179 88
91 50
339 69
177 49
73 7
332 12
15 55
127 89
34 55
90 44
152 3
133 5
123 26
257 5
109 58
17 54
134 2
182 42
53 18
240 30
289 34
35 7
296 66
108 22
274 17
359 26
275 10
307 5
199 11
77 77
331 52
341 58
112 21
232 13
32 24
132 40
68 21
196 45
218 22
42 55
159 51
145 5
216 12
109 28
128 83
315 37
73 20
70 35
248 0
51 47
258 51
210 86
169 83
102 77
171 67
266 16
163 45
93 53
93 56
56 20
201 62
244 15
268 27
188 2
147 52
246 50
14 35
259 65
341 36
212 31
192 43
268 27
353 61
157 5
58 70
57 15
183 79
175 40
66 30
293 23
349 76
258 72
123 28
166 5
321 29
29 87
152 0
351 11
208 10
0 66
95 30
251 17
274 17
80 13
287 34
312 16
151 6
271 3
235 51
234 6
186 22
359 71
172 13
11 73
138 40
286 25
236 15
110 43
296 51
249 69
230 55
239 58
34 71
195 54
39 27
317 72
128 78
139 14
250 28
102 45
217 89
64 77
245 22
177 87
244 74
236 9
210 54
213 43
142 65
76 85
257 52
141 13
72 30
56 28
49 46
221 15
52 64
26 85
312 41
359 15
267 12
90 72
248 26
138 73
95 37
46 82
92 71
334 4
201 50
321 85
262 69
19 18
213 9
58 9
160 78
126 36
58 76
219 7
268 2
296 38
199 46
53 68
251 68
182 61
237 52
340 4
84 1
236 35
345 0
218 71
200 42
49 34
326 73
311 14
230 34
166 80
157 79
329 78
108 38
233 80
296 16
34 16
223 60
134 69
80 0
112 46
26 20
162 10
211 2
318 24
95 5
142 70
328 76
308 80
206 46
267 66
190 68
174 71
199 73
163 13
312 70
132 66
149 55
98 33
315 75
298 39
315 52
347 68
127 15
265 2
157 43
282 37
288 19
121 13
294 30
350 66
282 36
331 49
136 22
44 46
355 2
78 1
121 75
129 84
52 27
331 46
121 23
168 9
299 10
195 4
177 41
59 60
121 66
77 57
289 76
62 48
329 40
323 76
21 41
18 45
202 51
69 78
158 7
309 76
72 62
265 67
60 76
176 60
168 48
164 3
21 89
301 22
320 20
48 28
99 32
1 10
12 51
114 66
206 35
339 35
246 46
283 45
287 79
67 30
257 13
144 63
312 66
122 43
86 73
343 72
13 11
19 55
21 11
72 39
121 51
335 76
138 9
74 20
113 68
214 55
206 77
215 34
139 19
63 48
208 51
116 89
305 80
327 38
222 7
119 20
133 66
32 47
47 58
354 9
167 53
274 29
84 85
9 53
41 17
27 21
299 57
234 81
263 46
247 67
295 21
89 46
169 52
47 78
30 65
113 67
278 86
337 79
291 78
122 60
337 71
185 39
195 52
351 22
297 21
56 37
314 67
88 70
320 31
207 75
268 79
46 45
150 47
324 17
151 63
50 38
140 88
275 82
328 66
156 88
69 6
122 86
350 36
118 8
197 60
191 10
289 7
208 77
247 29
39 82
77 12
288 54
230 80
31 21
115 20
292 84
37 81
111 60
174 79
359 79
268 43
185 35
13 23
35 76
315 23
113 84
169 19
6 44
262 62
173 69
282 86
101 38
66 20
339 67
265 35
19 31
295 16
186 49
29 0
258 23
358 4
222 33
344 57
119 18
217 16
148 60
260 80
161 32
127 35
193 4
227 13
172 13
229 6
158 46
0 29
207 76
204 26
2 76
139 48
263 27
343 5
197 50
218 51
284 45
75 73
117 4
98 15
169 77
86 38
205 9
182 75
50 69
213 48
263 60
261 35
354 34
150 28
9 40
245 39
84 15
48 3
331 66
159 61
193 55
151 82
83 5
214 65
281 68
257 59
297 29
98 21
181 66
274 13
4 50
217 1
5 31
332 48
9 88
107 53
172 2
289 56
241 10
125 21
290 49
37 49
180 20
328 8
313 72
45 81
40 85
199 11
239 54
353 7
201 19
260 64
148 35
256 7
95 42
12 80
225 13
76 9
66 70
257 4
8 21
114 63
53 59
39 37
71 87
116 39
285 21
269 76
133 50
249 16
310 14
193 5
3 34
353 29
75 36
32 54
335 70
194 22
193 48
230 72
281 55
132 20
88 13
320 81
58 27
357 23
243 52
114 80
343 25
119 49
184 42
137 17
92 35
131 1
85 23
117 58
348 58
1 8
218 65
162 41
320 69
179 5
298 82
169 78
305 50
207 48
171 62
92 10
105 57
245 59
204 3
268 65
2 72
134 7
184 22
288 35
299 21
58 69
105 52
103 61
330 79
264 53
155 4
332 3
180 34
298 70
255 87
126 88
159 33
110 11
131 88
246 49
204 27
338 37
148 27
110 53
311 53
355 74
14 28
254 76
59 53
93 80
77 21
97 82
33 22
301 40
347 72
218 30
201 2
116 31
170 10
233 24
199 34
22 61
265 28
249 68
147 16
33 52
100 37
237 3
310 22
292 69
272 17
323 40
179 48
201 23
101 34
353 30
229 39
89 49
156 52
158 57
196 77
148 89
306 67
221 37
188 18
162 9
256 66
296 6
193 72
57 31
5 57
196 44
141 86
349 23
135 12
79 44
82 75
315 69
21 41
328 18
332 85
336 36
4 73
127 39
196 30
301 18
356 27
109 0
291 17
294 5
230 55
220 30
18 62
60 75
247 22
245 51
172 15
66 39
282 10
309 17
172 46
117 23
40 21
241 66
321 19
352 55
91 55
143 64
259 53
152 6
304 60
183 32
279 47
298 58
17 31
61 79
357 18
304 24
27 14
35 34
275 56
184 35
118 14
115 6
60 75
56 5
359 72
357 12
174 44
287 71
29 18
130 77
197 80
105 46
231 47
87 46
169 57
74 31
255 23
125 89
39 48
97 28
42 68
207 74
148 9
170 76
120 14
146 57
301 66
280 16
306 48
289 4
273 26
169 77
211 67
90 45
188 60
181 44
0 65
104 72
332 85
191 74
261 11
194 59
17 61
206 37
339 15
356 36
283 85
166 34
130 26
339 86
98 33
302 59
10 62
233 42
77 28
119 39
125 38
214 39
176 56
348 86
253 42
278 12
121 42
79 15
26 49
217 65
162 8
51 31
107 69
204 69
251 24
177 57
354 58
332 53
116 3
263 76
188 49
353 59
36 65
215 65
316 0
223 14
233 29
234 30
300 50
207 89
162 5
174 46
109 12
21 84
279 85
348 51
74 88
306 53
323 25
40 54
235 33
65 45
8 30
295 26
275 48
184 60
48 66
249 68
140 46
351 2
282 32
305 71
122 55
321 43
290 44
288 83
316 23
106 58
126 19
310 37
8 58
114 75
205 58
320 48
323 37
113 74
56 44
262 63
34 78
277 77
129 23
189 46
226 46
39 25
190 77
336 6
224 1
113 18
190 18
166 20
203 23
216 87
16 63
312 2
33 73
157 40
163 59
323 48
55 57
133 27
150 76
52 47
276 25
48 58
129 55
256 38
178 80
135 15
37 0
69 30
27 1
343 20
321 11
234 54
23 63
283 16
189 49
274 85
148 22
291 58
60 23
103 9
200 71
317 26
161 69
28 75
305 18
136 32
28 41
216 85
111 6
190 81
281 35
181 20
10 32
33 49
327 36
154 60
329 1
287 34
305 56
42 89
218 25
192 1
315 67
39 74
343 61
51 75
148 67
346 69
71 82
199 26
185 23
297 54
278 70
307 56
55 7
6 46
200 32
274 21
127 16
261 53
215 57
338 30
24 81
166 14
95 16
38 8
0 4
29 59
182 52
275 82
117 76
105 21
212 15
90 11
4 78
346 36
215 16
83 50
122 61
350 16
342 20
310 83
8 81
145 63
25 45
233 47
218 25
145 49
207 33
184 87
33 87
71 76
46 36
190 42
161 35
7 12
313 59
5 66
57 55
177 42
104 13
257 24
174 16
235 22
30 63
297 20
229 17
333 74
87 2
38 1
235 42
161 74
145 38
112 38
136 27
229 0
289 1
156 40
308 1
289 37
43 48
236 54
49 11
327 29
175 24
37 81
187 22
130 9
314 60
60 38
120 11
237 57
197 0
31 81
125 21
126 45
273 30
33 56
62 68
17 80
179 51
316 59
29 42
33 78
28 0
46 44
191 28
52 89
7 55
6 9
215 88
208 76
306 26
339 9
259 41
325 43
205 86
129 27
285 89
38 25
41 26
227 73
174 59
121 20
136 35
285 27
1 28
272 34
178 20
217 30
36 24
176 67
237 48
9 20
280 58
128 14
209 57
282 82
235 60
145 56
170 71
192 78
304 44
89 25
164 41
290 40
316 72
288 0
181 51
326 84
15 81
108 89
167 69
214 5
77 5
71 29
74 0
167 86
47 7
116 2
295 71
235 36
23 32
233 73
99 6
53 47
351 51
193 19
213 16
281 19
324 61
214 12
218 83
102 40
112 58
358 26
305 15
59 87
211 1
131 65
100 46
17 31
8 77
12 6
280 64
188 84
330 68
283 81
100 12
18 84
15 88
322 57
72 78
145 31
247 22
123 64
25 39
39 4
194 16
314 37
35 59
15 77
155 81
208 80
293 57
95 5
177 81
358 34
349 7
67 36
142 61
19 33
336 3
118 17
191 12
111 19
161 52
148 42
349 42
196 52
229 87
173 19
255 49
156 27
92 47
120 73
262 76
330 6
347 10
111 15
112 28
353 56
308 34
126 74
136 62
123 18
328 41
359 74
335 13
62 46
100 12
102 5
97 80
180 13
329 5
296 8
170 14
160 37
81 19
143 55
64 54
119 17
300 83
122 15
228 88
0 40
286 8
304 72
36 32
335 15
7 34
223 61
140 2
61 21
94 54
10 68
168 71
105 20
48 45
108 43
32 31
87 17
130 29
184 82
90 81
11 20
84 38
67 68
208 43
81 82
240 63
284 22
274 78
237 4
171 2
188 7
22 43
50 82
308 73
122 31
275 17
69 51
193 25
11 3
314 30
276 66
103 67
113 5
261 81
254 3
143 83
56 59
92 22
95 80
304 9
156 81
319 39
329 46
109 82
321 81
102 7
333 82
105 41
163 49
342 11
158 73
97 53
342 87
226 27
349 0
126 43
10 89
61 3
48 38
20 77
338 52
266 84
297 60
333 61
289 17
233 34
213 45
345 69
102 8
213 21
304 79
258 15
273 69
74 53
32 57
280 51
309 58
169 36
264 13
134 7
22 16
250 43
202 62
86 50
288 3
103 83
309 87
201 73
158 54
120 28
64 58
281 41
200 1
158 56
218 73
37 9
162 64
262 26
61 54
354 20
17 13
359 74
348 1
333 86
210 78
2 73
329 51
286 21
152 9
226 81
200 70
239 55
174 19
13 38
161 67
100 76
331 64
290 36
301 54
163 51
319 65
18 76
230 0
210 85
54 45
147 16
234 76
88 82
263 42
119 47
27 36
195 56
12 21
196 31
68 82
133 1
76 78
130 83
123 8
90 25
8 54
205 80
248 0
255 76
3 14
217 67
114 1
264 58
54 89
82 70
341 66
121 21
132 37
230 17
271 60
29 43
138 44
329 39
215 80
206 0
343 65
227 74
60 62
212 14
203 72
44 32
87 21
187 80
268 10
221 61
42 20
150 83
318 76
128 22
330 61
309 40
107 33
142 78
50 64
193 26
186 1
245 37
27 80
67 30
323 18
147 60
19 22
47 59
168 86
348 89
120 41
290 13
8 86
351 24
22 9
318 49
94 12
217 52
342 8
89 47
162 78
356 43
75 73
158 71
55 39
48 35
178 20
32 44
101 18
309 4
312 15
52 29
218 69
225 28
297 66
33 23
180 72
358 34
156 43
159 3
89 25
310 28
282 10
273 39
261 71
248 17
12 75
142 48
270 16
311 73
147 70
271 66
145 87
229 23
116 34
222 3
356 38
82 71
291 10
310 75
299 40
64 13
168 34
57 0
298 59
84 31
95 43
326 56
290 55
129 47
142 52
191 56
213 47
109 71
6 10
359 12
310 14
345 84
89 81
91 47
62 53
259 78
296 57
292 3
309 82
25 88
132 46
291 11
300 41
9 41
199 78
103 84
308 37
308 42
303 72
294 5
257 15
27 74
117 48
319 24
12 2
260 12
27 42
146 34
150 33
254 46
134 25
51 89
6 23
31 11
87 1
170 25
180 65
136 19
244 85
20 66
338 74
150 57
164 2
99 68
169 56
44 66
283 38
69 45
80 37
209 7
75 54
45 39
68 78
105 83
72 78
31 31
340 28
322 83
272 71
47 62
219 79
135 50
46 0
110 4
206 50
49 54
118 15
79 42
329 36
277 48
136 84
106 39
211 44
287 37
228 54
43 48
75 1
133 31
90 21
147 71
254 87
311 42
260 74
324 87
298 35
116 26
52 41
170 28
326 15
237 84
318 57
207 74
298 5
132 15
127 9
131 52
308 40
354 79
257 43
275 57
338 58
267 19
59 15
61 61
356 48
118 61
210 63
137 0
48 83
226 89
217 0
238 44
92 56
231 87
136 89
332 35
324 0
126 37
142 51
312 38
257 43
333 62
264 64
317 0
250 51
115 12
166 81
272 78
356 12
212 28
218 64
350 64
101 18
100 82
242 62
270 5
242 88
238 56
207 19
269 24
169 54
315 62
83 32
55 1
127 63
214 26
268 26
234 57
146 54
356 58
318 10
271 38
129 49
327 87
182 75
97 2
318 10
343 21
14 45
88 89
143 53
201 21
80 16
125 56
344 53
261 42
127 16
281 30
268 0
76 44
266 73
148 45
121 84
90 1
350 16
132 53
199 32
57 69
307 21
201 89
6 85
202 17
42 67
121 55
40 29
179 69
323 62
265 25
268 83
140 38
93 46
300 13
78 55
197 64
37 70
55 19
316 60
81 74
116 84
294 73
357 82
302 19
281 17
168 44
343 11
283 66
348 74
197 74
89 12
59 21
189 52
100 77
145 89
163 12
188 78
166 26
180 1
299 42
240 61
313 59
296 87
70 34
85 6
151 65
358 87
334 89
274 41
33 4
351 77
183 17
9 38
336 0
312 70
334 16
116 39
138 10
60 41
345 48
231 24
347 30
59 13
55 75
112 46
194 68
273 71
13 15
16 21
44 52
89 19
92 80
116 21
40 34
113 58
214 45
276 80
173 26
29 38
81 48
296 19
270 0
132 28
10 86
94 79
65 64
81 37
272 18
221 39
310 23
274 75
93 11
339 73
113 76
51 26
283 50
271 45
108 69
259 6
104 73
335 56
151 80
32 3
167 44
302 17
240 15
137 53
214 68
243 35
148 17
319 0
248 79
316 42
134 58
212 31
282 7
190 42
310 70
42 38
121 19
230 37
314 54
336 2
252 50
133 4
80 21
253 16
263 41
183 69
170 79
88 59
349 65
53 64
231 78
224 24
314 88
318 52
0 27
22 10
260 49
21 13
293 25
189 87
74 89
201 5
147 5
275 65
204 21
178 13
180 61
24 58
244 68
60 36
75 27
77 78
16 73
249 15
30 65
188 33
2 7
95 29
25 8
136 84
94 68
174 21
35 79
299 75
300 47
39 22
190 49
218 76
260 52
255 39
212 61
318 59
271 32
140 7
169 71
347 70
274 89
250 68
95 44
265 0
81 76
11 74
318 88
10 20
28 50
44 33
82 14
319 56
242 55
354 31
186 4
321 84
167 59
89 78
52 39
70 68
79 78
222 54
308 77
317 54
192 15
283 66
49 58
334 32
11 37
278 41
284 74
121 13
149 66
18 80
113 16
105 11
162 14
278 71
52 55
320 45
36 49
304 88
336 88
5 55
109 78
274 32
230 24
267 2
131 12
143 35
131 40
27 16
308 18
318 84
112 25
121 40
211 40
104 62
355 18
290 28
2 11
306 39
247 35
11 56
120 68
106 32
300 31
303 32
44 17
101 73
181 48
195 50
113 36
243 4
319 76
210 22
210 38
258 20
119 33
329 88
146 33
323 44
218 76
74 53
281 86
319 88
254 52
299 38
295 64
358 14
181 4
208 63
120 10
191 29
292 12
282 42
190 22
17 82
28 40
14 83
203 27
211 16
241 49
248 40
97 11
295 78
3 30
174 16
20 26
270 74
274 61
1 44
15 79
109 74
147 87
140 38
292 61
200 35
181 80
111 50
274 56
338 43
266 42
133 39
97 81
223 70
33 30
90 39
11 71
340 24
329 13
226 47
247 53
317 0
125 19
111 33
70 46
118 3
268 32
180 86
195 36
199 46
163 71
165 53
104 62
40 30
63 58
147 13
345 35
276 75
223 35
242 81
325 54
220 89
211 83
290 62
273 0
190 88
313 23
121 76
177 47
281 44
239 27
186 83
212 53
83 84
250 41
109 72
345 33
42 59
292 9
304 62
141 35
176 5
15 47
298 36
175 8
270 48
76 39
237 25
282 9
226 81
225 17
326 53
16 45
101 54
228 64
185 83
228 83
205 67
60 36
44 26
185 76
84 42
228 8
52 29
203 72
107 48
157 1
124 18
215 48
107 67
250 30
146 47
123 74
297 46
316 44
232 6
154 21
127 66
250 24
47 28
28 44
47 63
99 34
47 81
47 75
120 2
206 1
63 33
168 59
339 6
346 79
144 85
81 17
152 19
190 20
213 69
258 6
280 89
255 82
251 21
272 41
354 36
9 4
192 26
149 28
30 34
203 7
180 75
137 48
338 81
4 61
32 74
151 7
357 24
161 46
48 34
59 64
93 68
266 49
329 80
185 11
97 45
235 28
317 6
23 68
106 65
252 52
96 85
57 14
64 31
282 15
316 56
74 12
48 53
309 61
174 59
289 28
31 49
276 8
43 62
280 49
146 76
61 16
71 69
69 20
293 57
317 42
140 27
154 19
334 26
57 9
65 34
141 0
309 68
50 36
17 2
48 75
317 83
257 82
321 3
340 86
61 28
191 16
224 56
335 36
105 29
310 11
255 77
83 58
0 20
133 25
222 52
197 28
209 45
267 71
111 88
125 4
162 78
321 68
120 86
283 49
169 28
206 2
222 48
143 26
168 41
14 21
342 27
2 11
126 2
164 31
347 71
44 35
158 82
163 44
270 81
199 57
230 3
194 88
275 48
123 1
13 86
47 67
338 45
231 17
178 35
222 71
6 76
198 75
91 45
312 20
181 37
121 71
138 65
56 76
312 75
300 18
12 51
331 34
306 25
276 46
297 31
59 54
136 84
178 44
126 86
53 55
88 57
73 25
294 86
288 7
46 55
357 83
204 41
345 13
303 61
260 85
154 74
83 55
163 8
200 84
235 62
115 3
238 76
156 76
139 76
195 25
101 16
126 9
262 74
6 25
72 20
246 45
41 13
344 63
97 75
342 57
154 72
265 30
262 28
124 64
309 4
18 76
154 40
158 53
137 15
201 73
282 78
315 54
175 84
62 34
294 56
286 25
279 1
206 43
69 27
272 61
35 34
81 70
69 0
313 85
226 13
311 46
168 32
281 10
225 32
23 30
329 76
300 89
202 16
39 59
85 36
128 58
344 59
181 38
218 76
3 78
289 80
35 61
68 63
203 7
205 11
55 17
172 77
238 63
182 81
229 77
37 58
274 56
53 38
258 31
205 7
273 80
135 51
216 25
345 71
158 81
25 34
331 35
300 19
219 17
191 6
214 17
352 50
303 78
282 84
315 62
78 64
69 87
163 58
357 9
152 40
233 30
152 65
101 55
87 55
155 88
118 11
133 65
6 78
134 55
166 8
192 8
171 5
64 8
87 38
47 75
20 77
36 69
302 61
241 32
84 8
259 59
188 16
21 13
153 28
320 72
189 16
61 68
302 7
313 48
206 68
22 58
118 31
44 58
33 25
266 2
326 38
314 49
117 28
210 2
70 62
237 55
243 65
275 79
63 11
54 9
113 43
98 51
13 29
178 0
102 8
191 80
262 34
99 44
273 28
171 71
263 9
37 72
144 54
210 84
347 26
328 23
268 55
314 35
72 75
120 43
278 19
12 4
24 72
165 26
347 12
239 3
127 17
290 78
189 38
74 88
325 59
207 87
284 44
253 74
134 17
87 37
353 66
69 89
280 24
27 24
263 33
236 40
32 79
333 0
210 39
115 14
287 8
99 77
210 55
144 14
352 83
90 4
232 57
2 43
33 56
153 41
249 20
118 62
316 80
344 54
309 50
51 62
320 84
182 68
159 33
163 28
192 66
355 4
322 65
349 25
262 80
183 79
165 83
318 56
253 29
70 12
357 20
101 4
88 87
238 71
292 51
297 39
277 74
89 44
300 76
253 25
320 31
141 32
248 53
277 81
291 6
80 31
95 9
138 31
193 27
334 53
113 44
198 40
324 64
62 21
135 62
261 86
178 59
289 54
218 2
236 24
206 25
76 46
120 43
106 66
279 62
31 39
108 24
252 32
319 77
264 22
350 44
95 20
75 59
100 6
313 41
150 15
264 1
176 19
142 26
119 38
33 46
15 5
310 48
301 18
14 20
92 86
237 10
115 87
68 20
190 45
194 72
151 0
292 21
284 22
184 77
13 88
210 89
231 51
92 46
238 89
109 79
245 30
83 1
265 74
345 64
286 6
84 75
341 45
46 74
73 43
123 56
121 11
29 51
72 6
148 59
109 63
164 27
237 13
196 71
258 81
133 80
69 9
212 45
9 86
329 71
254 40
104 71
177 59
334 49
309 40
36 51
68 30
151 16
31 59
334 83
99 81
111 46
13 46
194 74
334 75
243 78
226 40
60 31
184 85
231 65
257 48
295 26
139 40
121 19
112 50
162 3
176 40
205 36
344 20
284 40
108 35
82 70
139 55
57 41
29 83
344 8
163 63
313 69
348 9
17 1
161 21
186 61
331 30
94 26
186 52
88 47
49 76
310 21
328 46
352 89
198 69
359 42
284 41
228 77
239 48
87 59
186 77
275 42
219 32
273 57
301 41
170 18
217 27
44 10
223 75
307 31
230 47
193 43
247 59
6 89
51 12
114 13
53 85
66 17
113 3
141 16
50 44
144 48
22 82
162 22
181 61
19 57
236 24
304 58
349 55
342 43
304 34
228 5
344 39
77 49
63 84
89 2
200 53
184 38
289 4
211 67
310 47
12 53
263 24
104 25
318 69
197 17
127 21
350 12
279 4
14 28
358 78
267 83
102 48
200 71
149 37
117 63
81 7
173 66
95 53
52 44
40 27
320 81
254 27
211 74
187 76
353 7
250 55
290 71
126 52
322 1
304 44
304 29
110 59
105 60
226 52
268 28
0 66
105 35
212 46
200 13
64 36
192 54
115 23
23 89
359 12
66 75
101 64
276 83
0 79
359 23
166 0
50 75
85 11
273 79
311 60
356 65
164 1
57 84
187 79
296 73
222 48
220 66
125 39
235 36
253 8
233 71
174 43
200 36
303 65
185 82
346 76
123 72
144 24
86 59
120 6
203 1
64 12
13 40
73 32
203 3
44 5
193 39
261 67
71 12
232 38
29 30
269 77
326 44
189 44
298 6
79 46
140 3
104 85
88 82
220 31
11 4
334 42
317 38
127 41
194 36
184 23
337 55
79 36
58 17
13 12
162 56
207 48
45 50
158 33
152 7
250 82
174 67
86 3
159 31
316 2
161 38
263 42
85 38
137 53
290 86
273 37
327 74
135 79
117 66
12 7
32 56
20 62
241 43
135 66
310 59
291 76
182 83
43 71
15 20
87 1
38 86
296 59
355 74
355 12
68 35
171 32
236 56
197 59
127 88
344 58
21 7
165 57
121 64
189 22
304 1
260 87
358 79
49 62
194 13
227 52
233 22
320 68
102 70
42 52
171 71
69 74
340 52
116 7
131 77
284 15
111 62
122 64
297 74
11 13
97 63
4 52
41 31
323 83
282 56
38 69
313 74
90 3
273 0
193 36
131 49
105 78
100 83
237 40
23 51
76 70
203 78
88 74
17 0
67 40
241 87
24 63
141 62
116 64
150 39
202 73
250 57
77 52
30 28
69 20
282 32
135 86
298 56
257 35
276 66
327 58
33 83
93 6
285 40
77 60
222 62
9 72
172 71
343 57
39 10
228 39
248 4
154 62
161 87
54 70
35 51
332 22
84 31
6 19
233 25
332 36
50 45
73 66
2 75
158 42
14 65
50 66
26 53
101 67
60 22
256 59
47 58
316 83
316 75
10 4
305 85
224 65
156 66
253 38
296 87
105 0
123 66
305 1
240 45
294 44
85 40
259 13
236 32
149 29
5 18
287 68
230 54
177 10
5 26
70 26
255 27
253 2
309 66
135 8
118 41
93 80
287 6
173 5
240 34
106 67
76 48
152 65
122 19
355 36
88 12
257 19
180 56
48 23
138 55
261 1
250 86
234 56
348 78
61 23
313 84
269 56
174 6
189 37
300 31
292 35
25 16
190 12
16 10
248 67
150 48
24 25
265 37
19 33
205 26
118 48
63 18
176 54
24 70
247 24
214 43
101 8
75 20
181 34
67 53
43 74
141 56
261 64
198 32
350 34
352 12
184 69
276 7
102 75
304 67
22 74
82 22
295 74
223 30
86 21
317 22
44 75
74 11
43 69
181 42
41 6
340 21
339 27
27 39
345 88
78 83
281 46
216 41
288 80
213 10
330 11
22 68
189 8
174 24
104 16
46 50
326 85
9 15
0 34
314 53
109 83
331 87
355 39
313 14
268 77
66 5
302 1
2 8
290 27
241 85
33 85
282 31
77 4
86 8
39 3
304 30
106 0
4 72
3 32
232 78
275 44
57 42
286 37
281 65
249 75
68 8
32 53
303 41
146 45
313 23
123 87
343 81
345 27
290 30
288 28
310 72
358 29
78 83
231 70
30 5
53 89
127 64
217 82
66 15
90 5
127 76
5 50
131 11
249 45
85 5
188 51
7 3
139 50
89 60
14 38
212 57
242 70
208 10
331 20
224 75
177 15
107 10
57 9
115 57
264 8
224 17
138 47
49 48
45 32
127 37
126 77
307 61
98 36
322 48
237 34
257 37
259 22
37 33
155 86
326 33
109 49
251 66
162 28
263 85
175 44
156 85
330 2
295 10
62 30
305 32
226 53
115 8
178 82
9 23
179 37
116 82
16 85
10 78
45 2
318 14
163 3
275 52
353 66
279 35
272 41
116 43
231 89
141 10
39 30
19 69
0 0
34 50
45 88
277 58
236 2
354 68
251 20
16 8
243 67
256 13
76 51
323 69
167 4
11 43
3 56
270 40
51 87
264 29
262 49
238 21
154 46
143 79
124 31
81 15
255 67
163 7
214 88
236 41
245 12
331 1
121 50
243 42
262 81
352 53
154 30
76 8
180 56
2 66
171 38
306 23
321 48
126 51
116 1
56 43
258 9
119 76
130 18
79 22
53 9
131 47
37 7
50 21
172 40
316 67
152 57
178 48
334 78
215 88
245 3
201 42
96 45
214 71
49 85
98 15
276 11
45 84
12 74
180 19
173 75
145 71
169 30
57 31
50 15
354 40
113 61
39 34
211 81
210 3
17 65
111 39
315 31
242 74
321 4
256 65
235 68
196 80
174 26
5 87
193 83
108 14
214 86
238 16
344 44
198 21
359 9
155 1
195 74
3 37
273 27
154 84
115 50
307 62
1 89
17 85
57 74
65 35
175 87
200 1
12 32
274 75
261 72
305 65
174 60
35 77
304 62
4 59
224 42
106 47
262 21
114 35
150 77
281 62
191 58
250 56
180 77
288 80
253 79
109 52
247 41
243 14
325 37
149 33
225 39
15 76
297 76
334 60
246 2
343 52
138 1
115 26
10 45
61 35
30 9
93 57
102 43
145 25
59 24
329 21
164 60
219 8
82 66
220 41
47 85
111 27
80 7
9 87
359 1
114 18
186 2
269 56
36 0
225 80
119 27
337 71
186 87
188 45
286 33
354 21
278 74
67 13
112 65
345 75
72 76
298 74
287 56
231 89
239 47
264 78
249 62
42 3
168 6
3 34
113 71
237 35
119 49
177 10
252 63
73 34
322 66
169 64
180 84
69 0
95 39
201 47
231 1
96 30
278 18
291 68
32 40
72 63
306 5
271 67
241 80
149 75
277 36
192 68
51 53
338 68
34 74
348 63
280 65
356 36
164 61
96 12
263 16
308 70
188 47
205 78
244 82
35 8
305 84
130 85
137 59
140 62
330 63
21 84
215 47
222 76
235 37
60 45
235 16
73 35
217 40
241 67
67 44
268 74
176 86
150 73
7 17
227 75
142 6
290 29
197 87
4 53
176 62
206 13
84 37
297 50
347 30
42 75
348 22
44 43
66 45
92 37
195 39
302 28
352 15
357 77
80 65
114 85
191 27
298 46
249 55
284 88
283 58
251 55
64 57
301 52
302 37
357 61
140 19
72 5
278 51
242 35
221 44
53 65
88 72
211 11
137 58
194 8
63 88
261 26
68 52
130 73
101 22
89 85
112 27
30 75
293 82
358 58
208 32
186 78
140 38
97 6
347 45
324 78
55 67
146 63
325 44
11 10
302 47
100 76
202 71
151 56
274 14
111 46
35 30
335 55
345 61
46 34
266 69
103 77
175 3
335 49
185 62
291 85
41 89
58 8
275 26
228 32
72 27
137 6
138 22
51 2
273 15
311 9
266 61
232 21
176 51
242 11
316 21
210 84
257 49
30 77
121 66
37 60
146 57
309 27
24 63
254 17
201 9
16 17
99 49
275 56
117 33
161 80
250 51
158 24
324 87
218 49
357 57
100 76
152 12
177 0
247 64
286 19
183 57
296 53
261 63
231 39
79 58
96 65
308 2
177 24
180 70
72 78
111 13
31 65
350 42
217 16
298 53
22 7
116 70
284 37
308 2
39 82
117 62
277 41
267 20
49 27
276 29
105 68
201 49
123 35
218 57
175 32
78 9
358 14
84 15
300 81
232 47
68 50
237 30
329 65
53 47
315 61
254 63
265 11
200 9
194 10
172 46
206 46
279 5
27 50
330 63
274 39
60 10
114 48
288 14
334 58
204 0
136 78
63 2
107 3
266 51
279 23
159 9
17 61
199 86
165 55
283 11
239 69
93 59
81 37
170 57
326 58
96 22
103 20
300 72
320 60
290 7
328 14
24 35
245 73
338 4
77 42
47 14
333 37
135 14
264 66
319 25
63 57
213 54
113 25
207 72
30 6
107 64
259 54
226 43
290 27
21 80
291 48
226 9
14 8
114 3
91 80
354 55
293 78
341 84
257 55
195 8
213 79
43 32
100 23
262 35
317 76
233 62
238 31
283 8
141 82
4 79
33 89
222 74
159 7
316 89
128 63
151 44
119 33
181 71
117 66
226 32
147 9
9 46
180 77
62 70
61 77
129 80
150 73
29 23
134 13
67 72
206 47
172 68
325 36
194 23
270 15
320 5
42 41
21 81
322 52
338 38
249 2
162 43
311 13
26 86
86 87
255 28
83 0
146 6
128 10
291 38
280 23
85 23
241 28
92 59
17 7
236 7
225 57
114 67
103 17
262 76
192 34
250 89
69 11
267 47
322 39
84 69
226 31
224 25
274 62
143 88
329 68
226 9
113 63
89 64
243 5
193 55
120 85
237 38
260 87
194 26
349 14
108 56
64 81
33 29
331 73
123 70
151 14
65 24
318 33
78 21
156 55
249 7
266 33
37 17
301 12
141 1
98 12
44 36
219 83
321 85
232 7
122 52
1 77
319 87
353 81
50 49
115 75
285 39
241 34
39 40
6 53
210 57
267 37
340 85
257 29
273 9
318 8
49 85
67 44
299 73
216 42
40 58
2 15
76 67
108 42
315 79
300 8
13 63
135 53
355 68
302 27
214 75
154 11
47 63
353 89
205 83
74 57
71 13
348 73
304 53
82 46
311 64
46 62
298 20
320 76
61 73
103 79
42 15
357 71
77 49
31 27
159 5
103 43
32 39
342 69
350 64
208 74
89 45
326 4
243 56
256 62
301 81
358 43
306 25
302 58
142 74
247 29
73 21
13 20
213 23
147 13
242 34
88 85
261 12
190 13
24 2
331 43
11 36
75 20
116 22
286 45
267 8
163 82
268 64
333 7
229 87
6 6
25 1
30 73
284 14
125 55
151 29
67 52
175 1
314 31
137 60
186 30
28 74
163 70
187 72
98 88
80 44
154 64
129 2
60 42
0 24
310 6
302 26
0 75
29 49
156 53
127 12
98 85
140 1
112 20
159 28
9 47
275 41
182 20
76 58
112 33
310 83
315 43
20 33
223 57
124 2
39 16
156 7
45 29
237 23
43 30
87 61
31 24
85 24
235 65
338 68
148 52
106 7
200 47
166 8
273 66
348 20
267 46
319 78
336 32
43 20
166 87
14 20
153 22
58 87
155 21
43 39
251 74
281 76
122 4
191 35
122 89
309 23
234 49
44 0
18 44
11 82
34 62
137 68
257 29
123 65
179 66
277 17
352 62
128 87
150 31
65 77
8 79
121 75
10 43
149 37
154 28
326 52
167 80
33 89
350 23
90 70
113 42
106 8
90 56
319 15
87 63
51 74
185 35
80 20
113 78
105 65
9 43
267 29
302 84
358 59
248 89
233 50
203 1
235 18
184 30
19 31
81 55
296 77
288 50
0 71
358 12
79 64
180 49
348 18
95 75
39 18
214 77
134 11
309 27
220 86
235 28
172 86
187 51
232 63
273 7
73 19
132 1
169 86
203 57
321 30
231 68
334 15
313 87
236 40
5 87
235 77
181 6
118 63
38 71
168 17
101 78
107 49
245 87
147 48
154 9
118 66
50 80
348 32
126 10
312 86
312 18
33 82
54 69
83 58
349 5
128 70
125 26
264 58
220 73
110 20
130 38
241 47
3 14
181 84
286 82
305 63
239 65
324 86
211 9
329 21
253 66
25 2
290 45
269 0
21 79
66 28
253 62
332 26
116 86
201 18
223 43
266 7
85 58
23 15
257 10
119 57
29 60
208 48
268 29
301 29
166 9
339 30
112 49
281 27
102 27
55 42
218 49
143 64
95 15
96 11
37 14
181 48
203 34
342 36
37 64
263 23
295 13
241 5
339 38
224 63
94 26
334 29
39 43
267 72
200 75
181 45
193 18
160 11
34 69
77 4
68 1
162 25
301 10
52 22
113 23
64 45
293 64
74 83
247 18
10 43
213 78
118 80
91 54
2 37
336 75
272 35
295 80
257 47
200 27
303 63
276 83
240 58
335 59
53 25
93 19
18 86
322 28
174 28
22 15
256 20
185 5
51 5
297 8
201 59
78 60
291 48
153 71
8 60
262 25
17 22
344 80
243 27
301 44
5 10
125 35
147 62
64 28
255 47
221 10
57 89
116 82
72 20
49 70
126 30
87 87
253 77
63 44
288 82
289 33
187 54
88 1
81 20
262 13
103 74
135 84
325 59
335 84
276 28
350 28
102 85
287 12
173 64
232 66
186 45
318 48
88 17
307 82
278 62
47 2
315 8
311 73
286 52
277 11
96 42
299 0
251 61
260 2
149 5
21 15
300 9
90 59
216 5
60 27
22 41
112 65
32 76
273 1
41 9
20 12
67 33
88 64
343 31
75 43
168 1
174 39
47 29
191 75
85 49
333 44
268 10
212 34
57 11
283 86
126 27
100 47
184 53
73 15
82 65
141 50
235 56
13 83
358 12
94 54
322 4
210 23
324 22
228 4
225 1
231 59
98 62
38 86
308 80
87 62
164 14
208 79
314 23
248 58
336 71
223 71
34 26
100 65
42 73
293 8
29 19
88 51
224 72
123 84
312 58
160 0
8 57
116 38
69 28
1 40
165 42
275 38
46 15
204 61
26 56
185 67
34 5
276 27
273 50
210 21
44 26
304 43
43 22
68 10
167 17
241 25
171 74
310 69
274 2
81 64
124 11
63 88
118 38
287 43
290 44
93 25
13 63
240 47
213 47
110 10
12 26
133 62
69 45
34 22
7 1
240 7
109 59
301 84
331 46
291 89
144 81
344 61
87 51
275 66
352 46
230 85
85 8
13 30
95 88
77 5
83 12
295 86
260 48
80 49
311 21
230 59
328 89
233 78
329 51
256 0
50 44
313 17
225 89
347 5
272 0
95 58
332 74
269 5
5 30
181 60
123 85
308 84
245 60
25 80
201 24
144 24
86 22
322 31
302 49
25 57
258 79
54 9
6 32
230 69
349 19
8 32
193 10
120 77
253 19
152 77
24 19
202 35
196 17
297 32
255 65
180 73
167 36
344 74
177 42
63 61
187 27
126 87
120 63
119 62
225 50
247 22
175 74
89 21
233 81
200 61
190 49
91 22
60 72
196 49
186 10
141 29
355 48
346 83
188 65
188 2
109 12
95 4
258 48
142 26
285 30
63 36
145 70
154 52
89 33
282 69
334 25
355 82
175 38
22 54
305 1
226 17
175 45
235 72
184 53
117 39
158 9
124 65
204 28
63 46
8 5
138 23
43 45
27 10
284 19
4 31
197 42
107 4
271 68
2 21
298 73
257 40
337 39
284 34
347 29
78 34
111 70
187 80
53 32
68 78
217 67
182 66
88 18
110 76
113 36
16 69
61 31
47 72
80 45
284 6
295 59
348 19
344 9
169 64
111 41
269 20
281 28
281 25
165 8
105 86
192 77
353 82
152 77
253 34
275 22
281 19
307 75
91 66
349 44
223 47
95 11
108 22
199 54
315 0
159 59
276 15
60 39
52 77
298 4
269 6
263 46
197 56
134 45
92 66
230 25
227 4
303 42
17 22
316 62
352 85
332 0
61 24
213 47
185 34
287 72
234 36
169 77
265 0
183 27
20 64
51 72
189 69
312 68
207 80
192 42
236 46
279 77
281 63
277 17
23 31
280 85
191 21
234 9
263 77
358 17
299 78
173 31
223 50
61 49
236 46
49 86
78 44
220 42
89 48
227 40
12 78
62 1
120 14
274 57
132 24
138 2
39 73
28 58
245 76
84 78
280 82
331 26
96 2
266 11
305 41
203 19
342 55
149 6
63 9
216 78
259 29
333 32
114 2
224 4
54 25
220 34
178 63
37 89
122 70
174 69
116 4
46 63
230 77
253 33
338 88
290 6
314 37
117 63
174 53
191 75
183 33
62 18
68 17
269 26
199 17
242 66
29 22
193 48
302 38
201 58
172 85
182 29
327 78
299 28
66 69
186 84
102 84
76 29
258 75
354 25
309 31
93 66
186 15
93 20
323 41
308 7
119 85
56 50
53 26
93 73
200 25
122 83
324 55
126 52
162 69
43 14
149 20
217 0
160 60
100 66
120 7
318 60
116 35
75 59
341 86
190 53
201 42
55 28
285 46
56 4
356 26
45 79
3 88
60 23
217 68
293 7
57 32
85 19
311 35
104 30
163 63
4 8
187 7
158 17
66 10
75 26
179 65
238 12
337 45
134 42
276 23
119 57
44 76
206 13
211 59
294 64
87 79
155 51
148 52
108 6
29 82
251 16
198 56
226 30
283 49
94 50
53 45
79 30
292 79
63 12
260 12
188 25
302 32
219 78
148 10
170 80
198 7
192 42
282 20
4 48
338 66
349 82
298 81
83 80
158 49
293 33
343 34
277 31
306 78
178 39
321 78
259 42
163 66
219 54
218 62
122 41
128 27
293 53
231 20
24 81
285 8
205 41
120 20
240 14
254 19
316 70
37 6
242 66
18 20
32 24
317 46
15 41
204 15
325 56
354 63
343 63
198 61
44 25
66 86
200 58
51 21
170 85
349 30
184 32
72 87
15 87
272 40
283 8
255 46
215 14
128 77
94 15
295 43
286 19
200 63
182 9
106 80
289 56
292 1
237 11
79 88
112 59
16 1
190 3
331 32
311 42
133 21
64 60
159 1
200 58
296 31
182 1
45 34
71 86
300 36
183 17
110 2
226 24
246 33
189 46
236 19
309 85
245 88
331 14
270 8
166 31
99 43
137 75
317 29
164 81
340 72
47 34
104 15
333 2
192 50
280 46
184 74
247 87
280 66
107 35
118 31
358 36
125 32
237 9
108 11
165 81
207 43
139 25
277 73
129 43
80 73
295 52
339 1
83 21
323 24
278 37
157 72
210 21
111 33
2 22
298 66
183 61
27 77
124 22
243 4
97 44
29 18
201 48
63 26
276 44
112 9
67 65
247 84
220 46
86 47
232 34
122 46
338 20
134 25
207 61
57 61
102 31
326 18
167 29
50 28
171 57
263 62
49 52
95 75
267 70
237 20
138 43
342 67
161 75
30 19
56 20
284 22
55 51
321 41
115 56
198 23
7 2
295 2
56 53
47 85
247 10
223 39
215 21
46 82
250 31
304 1
339 26
108 89
245 57
69 26
72 2
330 64
2 11
353 14
193 11
355 59
58 15
198 3
257 74
184 64
5 47
282 36
84 1
222 84
59 38
113 51
219 26
178 85
99 35
254 8
319 19
136 30
334 62
18 67
192 87
200 75
341 31
301 57
181 81
99 42
326 77
117 49
161 18
97 42
175 59
214 60
349 80
246 46
134 57
106 67
353 69
201 65
333 43
316 42
358 81
3 7
115 76
119 87
294 77
47 44
58 66
264 65
235 11
173 85
198 4
81 88
57 16
205 50
125 75
279 69
283 22
189 59
274 3
268 53
264 41
301 69
