147.704 64.813
113.663 50.462
126.587 44.613
185.946 72.617
182.887 72.158
117.096 53.585
106.355 50.980
088.821 79.496
118.418 65.046
180.374 75.115
002.590 61.473
186.324 76.550
073.251 65.166
073.075 55.372
184.012 72.959
054.920 86.960
149.582 65.623
159.197 71.321
154.722 64.041
195.160 88.091
165.847 71.867
200.319 89.681
191.572 88.257
115.686 53.725
119.646 53.953
107.687 47.648
197.313 81.262
018.910 81.262
186.295 77.261
170.073 63.964
193.162 85.419
017.958 86.119
050.066 79.353
051.529 55.798
183.888 89.809
022.684 88.927
022.847 67.354
035.434 72.350
152.535 50.912
050.636 69.432
019.931 81.029
041.512 71.017
061.994 67.319
165.805 59.771
096.176 57.875
168.413 63.495
062.166 34.297
035.197 78.540
113.356 27.666
057.701 75.725
207.980 86.867
164.107 63.076
026.724 86.259
174.334 62.995
177.443 84.191
048.417 62.431
047.913 65.683
038.494 73.840
098.498 54.470
171.121 66.100
106.525 51.247
242.519 71.620
171.796 57.536
184.788 81.977
202.191 86.461
013.365 87.228
032.958 74.399
147.061 65.965
143.730 53.312
010.308 70.091
145.370 57.206
158.877 69.612
265.256 35.543
043.428 84.384
098.266 51.915
097.822 43.252
071.013 79.479
056.093 51.210
178.973 82.155
068.170 58.115
193.314 58.030
218.444 42.082
073.681 49.974
050.558 62.086
164.928 44.062
010.509 89.496
114.927 52.349
173.027 75.558
048.600 75.027
054.556 83.251
028.714 83.329
179.097 77.346
206.759 81.959
189.796 85.761
062.805 84.281
081.532 54.172
182.726 73.641
172.438 70.130
209.246 82.435
195.288 85.264
050.907 73.201
085.990 57.503
203.828 79.360
186.366 79.135
152.194 60.690
114.351 32.094
117.694 39.905
151.686 38.504
046.208 75.328
190.187 33.427
184.025 74.412
166.945 82.383
079.147 87.256
080.213 59.694
026.953 85.030
227.387 71.399
077.225 56.545
033.882 74.621
093.408 43.321
029.687 70.825
065.182 76.147
050.685 63.673
039.644 70.137
045.481 62.365
170.814 81.379
023.895 63.795
233.271 77.470
136.735 38.706
165.968 64.078
187.254 59.624
046.060 69.051
195.918 89.476
034.020 77.271
145.704 53.997
023.234 86.074
178.647 74.555
042.615 77.935
235.232 37.604
034.457 56.617
074.546 48.892
181.248 89.241
180.138 76.790
277.718 62.909
029.092 86.475
171.900 71.472
349.540 86.893
037.460 82.650
081.254 87.107
058.418 68.879
061.123 60.037
069.092 41.819
117.138 54.189
043.721 66.989
111.762 58.043
149.894 57.619
076.044 54.411
061.195 85.126
358.275 81.410
138.966 8.899
093.954 49.118
130.246 34.754
280.296 54.802
073.719 53.493
016.698 87.604
191.761 81.048
193.082 72.053
015.233 85.012
36.658 70.868
082.952 52.051
029.841 49.790
037.979 81.407
048.625 60.323
180.669 55.225
035.159 30.706
241.215 43.754
185.154 70.962
170.722 72.476
126.284 61.304
063.119 80.054
051.368 63.618
053.725 72.659
022.326 86.315
195.305 86.282
053.241 36.802
232.124 41.108
173.320 74.837
169.298 63.663
164.828 61.953
184.352 56.685
050.775 64.940
072.223 50.303
171.455 65.730
249.528 40.938
034.971 72.316
177.362 78.392
092.586 13.522
180.257 21.653
090.249 43.486
134.942 49.096
110.946 51.057
